              4.000000       75.24000    
              5.000000       79.55000    
              6.000000       85.91000    
              7.000000       94.45000    
              8.000000       105.6400    
              9.000000       115.6800    
              10.00000       123.8200    
              11.00000       136.4200    
              12.00000       145.4300    
              13.00000       154.3000    
              14.00000       161.0500    
              15.00000       167.2000    
