0.7389392007212379 -2.0 1.0 -1.999881004368576 -1.071468175278096 -2.0 -1.995434824113009 -1.998168589845878 -2.0 -2.0 -2.0 -1.9940075770129513 -1.9921700057967187 -1.9809160257962555 -1.9879192377638635 -1.9958283687471199 -1.9571584466975043 -2.0 -2.0 -0.38837873963871694 -2.0 -0.4966087050516379 -1.9994532849332578 -0.7668059168915025 -1.9814109156267345 2.0 1.9997327548055954 2.0 -1.9955352306181031 2.0 
0.6779593025148272 -2.0 -2.0 -2.0 -1.7846655994208258 -2.0 -1.9990185423089475 -2.0 -2.0 -2.0 -2.0 -2.0 -2.0 -2.0 -1.998286791360301 -1.9973882680403525 -1.9846893260957734 -2.0 -1.9999369067568673 -2.0 -1.9706578250482152 -2.0 -1.983895990679521 -2.0 -1.9984477987840532 -2.0 -2.0 0.0 -1.9967798211153398 2.0 
0.6850923727251547 -2.0 -2.0 -1.9863335966756845 -1.980834799245177 -2.0 -2.0 -1.9940538524614708 -2.0 -1.9999436359202354 -2.0 -1.9924873655116386 -2.0 -1.9494551466854253 -1.9857171695216267 -1.960820701557639 -1.9795835781985764 -2.0 -1.9996977141695962 -2.0 -1.9881807951188777 -2.0 -1.9958771587410082 -2.0 -2.0 0.07852528435209694 -8.002483560580753E-4 2.0 -2.0 2.0 
0.7970492063579864 -2.0 -2.0 -1.9984479596467966 -2.0 -2.0 -1.9956334491773657 -1.9993063656168386 -2.0 -2.0 -1.994910300040106 -1.9981513277323013 -2.0 -1.983786894432173 -2.0 -1.9988585345821668 -1.9872566938548297 -2.0 -1.999832546229834 -0.9473957482706367 -1.9967403370939811 -0.9977391367010919 -1.9963087902401735 -0.9706545673679399 -2.0 2.0 2.0 2.0 -1.991497740288818 2.0 
0.76733059538401 -2.0 -2.0 -2.0 -2.0 -2.0 -2.0 -1.9993063656168386 -2.0 -1.999704401769831 -1.994910300040106 -1.9981513277323013 -2.0 -2.0 -2.0 -2.0 -2.0 -2.0 -1.999832546229834 -0.7875545907515801 -1.9508900387629007 -0.9068893656610693 -2.0 -0.9706545673679399 -2.0 2.0 1.9998448012873964 2.0 -1.9989851142849604 2.0 
0.7800018926526119 -2.0 -2.0 -2.0 -2.0 -1.9867501637305198 -2.0 -2.0 -2.0 -1.9999436359202354 -1.9986064760362605 -1.985824226939835 -2.0 -1.9734436890910396 -1.987788420231944 -2.0 -1.991016750586662 -1.977393829163518 -1.9975495483654857 -0.9167275369640235 -1.999629786802891 -0.9900766735550195 -1.9890558563081404 -0.9706545673679399 -2.0 2.0 2.0 2.0 -1.998381217575263 2.0 
0.7850593911681312 -2.0 -2.0 -2.0 -1.724996011246792 -2.0 -2.0 -1.9913739353807736 -2.0 -2.0 -1.9770160912552903 -1.9999355473794527 -1.9921700057967187 -2.0 -1.9880018847132461 -1.9977170691643338 -1.9805007875488219 -2.0 -1.9988960165203344 -0.927728350825782 -1.9923804719420422 -0.9712726819442452 -1.9881553492971638 -0.9706545673679399 -1.9985696144231275 2.0 2.0 2.0 -1.9967798211153398 2.0 
0.6498190294931474 2.0 2.0 -2.0 0.20818737503365609 -2.0 -1.9991395892825155 -2.0 -2.0 -2.0 -1.9967387848802316 -2.0 -2.0 -1.978539420932708 -2.0 -1.9836723782197072 -2.0 -2.0 -1.9995023904049407 -2.0 -1.9762330564365556 -2.0 -2.0 -2.0 -1.977566342572015 -2.0 -1.9995958041025144 -2.0 -2.0 -2.0 
0.7258997523296169 -2.0 -2.0 -1.9759676592857152 -2.0 -2.0 -1.9984215586043863 -2.0 -2.0 -2.0 -1.9988026080208112 -1.9981610150656532 -2.0 -1.9413485939015118 -2.0 -1.9613914342665555 -1.9732119251259914 -2.0 -1.9996139872845133 -0.12503341070184426 -1.988263478619316 -2.0 -2.0 -0.5457266846109743 -2.0 2.0 1.9997746471633624 2.0 -1.996757066598674 2.0 
0.33914267402668324 -2.0 -2.0 -2.0 -2.0 -2.0 -1.999144075331441 -1.9589658343988692 -2.0 -2.0 -2.0 -1.9981610150656532 -2.0 -1.9154436888824156 -1.9990095815804376 -1.9985111686786177 -2.0 -2.0 -2.0 -2.0 -2.0 -2.0 -1.990714173811793 -2.0 -1.9860952389343873 -2.0 -2.0 -2.0 -2.0 -0.09717274141341647 
0.9926807801019957 2.0 -2.0 -1.9571801531368613 0.3600733963226984 -1.995467331957355 -1.9986205400214128 -2.0 -2.0 -1.9912945632055217 -1.998992081505343 -1.9970037885064755 -1.9969814853173262 -1.9638369216849378 -1.9993112335638576 -1.9397222560767042 -2.0 -1.922355918929587 -2.0 -1.9996628526728446 -2.0 -2.0 -1.999726642466629 -2.0 -2.0 -2.0 -2.0 -2.0 -2.0 -2.0 
0.66623165801851 2.0 -2.0 -2.0 0.4971991157315051 -2.0 -1.9994318765919137 -2.0 -2.0 -2.0 -2.0 -1.9878114610555038 -1.9941297235026645 -2.0 -1.9996865075966528 -1.9988073006903546 -1.9217936874378725 -1.911254309296318 -2.0 -2.0 -2.0 -2.0 -2.0 -2.0 -2.0 -2.0 -2.0 -2.0 -2.0 -2.0 
0.3448741104334557 -2.0 -2.0 -2.0 -1.943653490371733 -2.0 -2.0 -2.0 -1.9998046729893044 -2.0 -2.0 -1.9967493497408912 -2.0 -2.0 -2.0 -2.0 -1.9945799923598773 -2.0 -2.0 -2.0 -1.9678701678954944 0.5794742078372723 -2.0 -2.0 -1.9992181722872917 -2.0 -2.0 0.0 -2.0 2.0 
0.6402295547083066 2.0 2.0 -1.9926398390906122 0.0953122844959026 -1.9947307163446326 -2.0 -2.0 0.4355756288640584 -1.9983298508070577 -1.999615239249346 -2.0 -2.0 -2.0 -2.0 -2.0 -2.0 -2.0 -1.9999164516588517 -1.9692396981652482 -2.0 -2.0 -2.0 -2.0 -2.0 -2.0 -2.0 -2.0 -2.0 -2.0 
0.9641186805815758 2.0 2.0 -1.9993799411261934 -0.1429363505561921 -2.0 -1.9982446869229622 -2.0 -1.9964237493198738 -1.998623972921783 -2.0 -2.0 -2.0 -1.961138823781951 -1.9998347061012347 -1.968022282620757 -2.0 -1.845814832210779 -2.0 -2.0 -2.0 -2.0 -2.0 -2.0 -1.962821831253469 -2.0 -2.0 -2.0 -2.0 -2.0 
0.6738001812134959 -2.0 -2.0 -1.999327512771793 -1.8413724169683094 -2.0 -1.9959827064912883 -2.0 -2.0 -1.999500708878055 -1.9996756211279465 -2.0 -1.9892783863119026 -2.0 -2.0 -2.0 -1.953211284073808 -2.0 -2.0 -1.9986837160231594 -1.9678701678954944 -2.0 -2.0 -2.0 -1.9772461923978673 -2.0 -1.9986504027262457 -2.0 -1.9957441808016099 -0.09717274141341647 
0.9484014413417591 2.0 2.0 -1.99020312635124 -0.43446707656001016 -1.9995296723279035 2.0 -2.0 -0.0396292171021807 -1.9986521549616652 -2.0 -2.0 -2.0 -2.0 -1.9998418037140757 -2.0 -2.0 -1.8752673837133282 -2.0 -2.0 -1.9808101663094633 -2.0 -2.0 -2.0 -2.0 -2.0 -1.9995869478038126 -2.0 -1.9959674572057944 -2.0 
0.9484014413417591 2.0 2.0 -1.9939797537430146 -0.43446707656001016 -1.9982175311469919 2.0 -2.0 -0.0396292171021807 -1.9986521549616652 -2.0 -2.0 -2.0 -1.9771052497899029 -2.0 -1.9840104916907362 -2.0 -1.8752673837133282 -2.0 -2.0 -2.0 -2.0 -2.0 -2.0 -2.0 -2.0 -2.0 -2.0 -1.9999817136370566 -2.0 
0.26046945872952587 2.0 2.0 -1.9911930655708812 -0.7470668384945532 -1.9974384674180765 2.0 -2.0 -0.41733389660672204 -1.967489887437024 -2.0 -2.0 -2.0 -1.9484050737338783 -1.9982625198205597 -1.9673447564394144 -1.9963942802922967 -2.0 -2.0 -1.9733915157875062 -2.0 -2.0 -2.0 -2.0 -2.0 -2.0 -2.0 -2.0 -2.0 -2.0 
1.0 -2.0 -2.0 -1.994569498497723 0.5021917200715866 -2.0 -2.0 -2.0 -1.9964237493198738 -2.0 -2.0 -1.994421179320752 -1.9943154140523376 -2.0 -1.999803291246443 -2.0 -2.0 -1.9204186491826558 -2.0 -2.0 -2.0 -2.0 -2.0 -2.0 -1.9971759568464937 -2.0 -1.999887953518199 -2.0 -1.9992720407550437 -2.0 
0.0 2.0 -2.0 -1.994569498497723 0.5021917200715866 -2.0 -2.0 -2.0 -2.0 -2.0 -2.0 -1.9806814762185814 -1.999303826521258 -2.0 -1.999803291246443 -2.0 -1.9972462070999064 -1.922355918929587 -2.0 -2.0 -2.0 -2.0 -2.0 -2.0 -2.0 -2.0 -2.0 -2.0 -1.999878673459174 -2.0 
0.6602428944208945 -2.0 -2.0 -1.9879758133385694 -2.0 -1.9956262391466577 -2.0 -2.0 -2.0 -2.0 -1.9994149789984996 -2.0 -2.0 -1.9638369216849378 -1.989254587223332 -1.9397222560767042 -2.0 -1.9061457420397845 -2.0 -1.9799863572163674 -1.992299031491545 -2.0 -1.9975944855927903 -2.0 -2.0 -2.0 -2.0 -2.0 -2.0 -2.0 
0.9758581674473841 2.0 2.0 -2.0 0.07482301587274998 -2.0 -2.0 -2.0 -1.9964237493198738 -2.0 -2.0 -2.0 -1.9909566947947321 -2.0 -1.9998347061012347 -1.9998085882410506 -1.9999402136101305 -2.0 -2.0 -2.0 -1.9760971892336348 -2.0 -2.0 -2.0 -1.968525558914234 -2.0 -2.0 -2.0 -2.0 -2.0 
0.9679795811905663 2.0 2.0 -2.0 -0.0684857895705675 -2.0 -1.9994919634424169 -2.0 -2.0 -2.0 -2.0 -2.0 -2.0 -2.0 -2.0 -1.9975256574053843 -2.0 -2.0 -2.0 -2.0 -1.9610148454452314 -2.0 -2.0 -2.0 -1.9655799212671095 -2.0 -1.9999655528745008 -2.0 -2.0 -2.0 
0.25403203740301283 2.0 2.0 -1.9519922337113824 -0.8261770175629822 -2.0 2.0 -2.0 -0.527339438854878 -1.992423931638438 -2.0 -1.9951240246113369 -2.0 -1.9810792384313578 -2.0 -1.9926176116506076 -2.0 -1.9042728635813955 -2.0 -1.9993257053456892 -2.0 -1.3066596124204786 -1.9994532849332578 -2.0 -2.0 -1.999873241755178 -2.0 -2.0 -2.0 -2.0 
0.5872397491459103 2.0 2.0 -2.0 -0.8189215641314571 -1.997916314475343 2.0 -2.0 -0.5452348090190772 -1.9985185732242212 -2.0 -2.0 -2.0 -2.0 -1.997243531252074 -2.0 -1.9518519945329247 -2.0 -2.0 -2.0 -2.0 -2.0 -1.9989339404251183 -2.0 -2.0 -1.9999896018627294 -2.0 -2.0 -1.9999817136370566 -2.0 
0.9205951363556644 2.0 2.0 -2.0 -0.8189215641314571 -2.0 2.0 -2.0 -0.5452348090190772 -2.0 -2.0 -2.0 -1.9946391931559513 -2.0 -1.9998347061012347 -2.0 -1.9518519945329247 -2.0 -2.0 -2.0 -2.0 -2.0 -1.9989339404251183 -2.0 -1.97044789811529 -2.0 -2.0 -2.0 -1.9987304816436007 -2.0 
0.9205951363556644 2.0 2.0 -1.9614986449528462 -0.8312963545925944 -2.0 2.0 -1.989228273301654 -0.527339438854878 -1.9907849857786424 -2.0 -1.999437715289624 -2.0 -1.8911176329196913 -2.0 -1.9998085882410506 -2.0 -2.0 -2.0 -1.9799863572163674 -2.0 -1.6533298062102393 -2.0 -2.0 -2.0 -2.0 -1.9995958041025144 -2.0 -2.0 -2.0 
0.9298812092699353 2.0 2.0 -2.0 -0.7011862130579357 -1.994404320319814 2.0 -2.0 -0.3873430247849697 -2.0 -1.9967387848802316 -2.0 -2.0 -2.0 -2.0 -2.0 -2.0 -1.9933460985876925 -1.9994791179223388 -2.0 -1.9762330564365556 -2.0 -2.0 -2.0 -1.977566342572015 -2.0 -2.0 -2.0 -2.0 -2.0 
0.5854968690346121 2.0 2.0 -1.9706522232956178 -0.8454287131599431 -1.9966711481052104 2.0 -1.989228273301654 -0.5452348090190772 -1.9936969783789333 -2.0 -2.0 -2.0 -2.0 -2.0 -2.0 -2.0 -1.9042728635813955 -2.0 -2.0 -1.9958882355789254 -2.0 -2.0 -2.0 -2.0 0.0 -2.0 -2.0 -2.0 -2.0 
0.5854968690346121 2.0 2.0 -1.9706522232956178 -0.8454287131599431 -1.9966711481052104 2.0 -1.989228273301654 -0.543485873021267 -1.9936969783789333 -2.0 -2.0 -2.0 -2.0 -2.0 -1.9924878268732704 -2.0 -1.9042728635813955 -2.0 -2.0 -2.0 -2.0 -2.0 -2.0 -2.0 -2.0 -2.0 -2.0 -2.0 -2.0 
0.26281059843857363 2.0 2.0 -2.0 -0.7126622818904935 -2.0 2.0 -1.9993063656168386 -0.3552236449197266 -2.0 -2.0 -2.0 -2.0 -2.0 -2.0 -2.0 -1.999608457481053 -2.0 -2.0 -2.0 -1.9896078339570407 -2.0 -2.0 -2.0 -1.9998817869913683 -2.0 -2.0 -2.0 -1.9987478502703075 -2.0 
0.6560354509964536 2.0 0.08874170960640149 -2.0 0.3254187973139965 -1.9939602293667595 -2.0 -2.0 -1.9997070094839566 -2.0 -2.0 -2.0 -2.0 -1.9722492070959152 -2.0 -1.9676540492637415 -2.0 -1.9892846611922357 -2.0 -2.0 -2.0 -2.0 -2.0 -2.0 -1.98800433658438 -2.0 -2.0 -2.0 -2.0 -2.0 
0.32180130399492063 0.0 0.08874170960640149 -1.960945423498229 0.30618882337963294 -2.0 -1.9989839268848335 -2.0 -1.9996093459786088 -2.0 -2.0 -2.0 -2.0 -2.0 -1.9980493242723698 -1.974646290840662 -1.9899397848639664 -1.922355918929587 -2.0 -2.0 -1.9896305158242111 -2.0 -2.0 -2.0 -1.9851112043744548 -2.0 -2.0 -2.0 -2.0 -2.0 
0.32180130399492063 0.0 2.0 -2.0 0.30618882337963294 -2.0 -1.9989839268848335 -2.0 -1.9996093459786088 -2.0 -1.993808392253933 -2.0 -2.0 -2.0 -1.9980493242723698 -1.9975256574053843 -1.9766576591486824 -2.0 -2.0 -2.0 -1.9722966839676297 -2.0 -2.0 -2.0 -1.9851112043744548 -2.0 -2.0 -2.0 -2.0 -2.0 
0.6316975078191718 2.0 2.0 -1.966510147928979 -0.18139790060318228 -2.0 0.07226495658457599 -2.0 0.24406787920495776 -1.9996225551656728 -2.0 -2.0 -2.0 -2.0 -1.9946006029836103 -1.9942359400618423 -1.9888501818747755 -1.9256828696357406 -2.0 -2.0 -1.9959517832123006 -2.0 -1.9977227636209216 -2.0 -2.0 -2.0 -1.9995869478038126 -2.0 -1.9959674572057944 -2.0 
0.29849110938442075 2.0 2.0 -1.9736295023984782 -0.08901269832992598 -2.0 0.060149255754705755 -1.9898810981047004 -2.0 -1.9915158703574718 -2.0 -1.986997398963565 -2.0 -1.9676301786941486 -2.0 -1.998203183586727 -2.0 -1.7838624391167701 -2.0 -2.0 -2.0 -2.0 -2.0 -2.0 -2.0 -2.0 -2.0 -2.0 -2.0 -2.0 
0.33318575586330507 0.20983181496280479 -2.0 -1.995654232030407 0.4738826889255341 -2.0 -2.0 -2.0 -2.0 -2.0 -2.0 -1.994421179320752 -1.9955643398889895 -1.961138823781951 -1.9991191241404092 -2.0 -2.0 -1.9218454151407633 -2.0 -2.0 -1.9994253213410667 -1.8266649031051196 -2.0 -2.0 -1.996706231892905 -1.999936620877589 -2.0 -2.0 -2.0 -2.0 
0.5935546508108973 2.0 2.0 -1.985326111647809 -0.7565971154535684 -1.9979032384235236 2.0 -2.0 -0.42446277612402017 -1.9988126953389465 -2.0 -2.0 -2.0 -1.961138823781951 -1.9991191241404092 -1.968022282620757 -1.9998874825424773 -1.8752673837133282 -2.0 -2.0 -2.0 -1.975043052132848 -2.0 -2.0 -2.0 -2.0 -2.0 -2.0 -1.9999908568185283 -2.0 
0.5976722796253411 2.0 2.0 -1.9839070947976465 -0.7206488111371196 -1.9996194191549526 1.9980370846178948 -2.0 -0.36407675967649167 -2.0 -2.0 -1.9967493497408912 -2.0 -2.0 -2.0 -2.0 -1.9945799923598773 -1.922355918929587 -2.0 -2.0 -1.9697167661943253 -2.0 -2.0 -2.0 -1.9983181315659517 -2.0 -2.0 -2.0 -2.0 -2.0 
0.9720788476964007 2.0 2.0 -1.966510147928979 -0.01895942263304287 -2.0 -2.0 -2.0 0.4355756288640584 -2.0 -2.0 -2.0 -2.0 -1.9621584768627156 -2.0 -1.9942359400618423 -2.0 -1.922355918929587 -2.0 -2.0 -2.0 -2.0 -2.0 -2.0 -2.0 -2.0 -2.0 -2.0 -2.0 -2.0 
0.9530368720638709 2.0 2.0 -1.9980393689379592 -0.363792432821114 -1.9996996234611613 1.9997667249221687 -2.0 0.018256613608444106 -1.9996225551656728 -2.0 -2.0 -2.0 -2.0 -2.0 -2.0 -1.9992169149621062 -1.8162922008002997 -1.9991253162388023 -2.0 -2.0 -2.0 -2.0 -2.0 -2.0 -2.0 -2.0 -2.0 -2.0 -2.0 
0.28555820627362055 2.0 2.0 -2.0 -0.363792432821114 -1.9997395646766134 2.0 -1.9994105730283007 0.018256613608444106 -2.0 -2.0 -2.0 -2.0 -2.0 -1.9968531186121428 -2.0 -1.975983040002508 -2.0 -2.0 -2.0 -2.0 -2.0 -1.9989339404251183 -2.0 -1.9878307889512958 -1.9999168149018356 -2.0 -2.0 -1.9987478502703075 -2.0 
0.6173485339653149 2.0 2.0 -1.9848541201371983 -0.3890782570477108 -1.999879755681918 2.0 -1.98800311235442 -2.0 -1.995408672384291 -2.0 -1.9934986994817825 -2.0 -1.9838150893470743 -2.0 -2.0 -2.0 -1.9071112664623262 -1.9991253162388023 -2.0 -2.0 -2.0 -2.0 -2.0 -2.0 -2.0 -2.0 -2.0 -2.0 -2.0 
0.613343631434722 2.0 2.0 -1.9987901963714851 -0.4691903964315085 -2.0 2.0 -2.0 -0.041235340169052837 -2.0 -1.99764382007036 -1.9902480492226737 -2.0 -1.9771052497899029 -2.0 -1.9840104916907362 -1.9923878496902594 -1.8928248245101023 -2.0 -2.0 -1.998889602987421 -1.7707355683969432 -1.9989065698665158 -2.0 -1.9808956694892592 -2.0 -2.0 -2.0 -2.0 -2.0 
0.3115115397395624 -2.0 2.0 -1.9611626025578124 0.11437810540696447 -1.9968213363746297 -2.0 -2.0 0.4899533535539105 -2.0 -2.0 -1.9967493497408912 -2.0 -1.9638369216849378 -2.0 -1.9368402261076254 -1.9944250909373877 -1.9313534850009906 -2.0 -2.0 -2.0 -2.0 -1.996455867403251 -2.0 -2.0 -2.0 -1.9995869478038126 -2.0 -2.0 -2.0 
0.3115115397395624 2.0 2.0 -1.9611626025578124 0.11437810540696447 -1.9968213363746297 2.0 -1.9953564331320977 0.4899533535539105 -1.9922352092212745 -2.0 -1.9967493497408912 -2.0 -1.9218167477648016 -2.0 -1.9927971196975973 -2.0 -1.9535556332311632 -1.999832546229834 -2.0 -2.0 -2.0 -2.0 -2.0 -2.0 -2.0 -1.9995869478038126 -2.0 -2.0 -2.0 
0.9392757902879068 2.0 2.0 -1.9536676551834078 -0.5700049979679158 -2.0 1.9999542686277494 -2.0 -0.1669445421514101 -1.9996345577105852 -2.0 -1.9996968351378939 -2.0 -1.962517019648417 -1.9998530441344387 -1.9977170691643338 -2.0 -2.0 -2.0 -2.0 -1.9989772989634953 -2.0 -1.9994669702125591 -2.0 -1.9721904778687747 -2.0 -2.0 -2.0 -1.99838991055767 -2.0 
0.9956592966098994 -2.0 -2.0 -2.0 0.43197231612132836 -2.0 -1.998288150662882 -1.9973070816275844 -2.0 -2.0 -1.9885080456276452 -2.0 -1.9960850028983592 -2.0 -1.975862665658017 -1.9977170691643338 -2.0 -2.0 -1.9994480082601673 -2.0 -1.9930810160535484 -2.0 -1.9984094131428107 -2.0 -1.9721904778687747 -1.9999584074509178 -1.9996193047534445 -2.0 -1.99838991055767 -2.0 
0.2902320434174567 2.0 2.0 -2.0 -0.2899800099787714 -2.0 2.0 -2.0 -2.0 -2.0 -1.9992476420111243 -2.0 -2.0 -2.0 -2.0 -2.0 -1.9757924499671808 -2.0 -1.999994898969439 -2.0 -1.9758540975582837 -2.0 -1.9914812827647144 -2.0 -2.0 -2.0 -2.0 -2.0 -2.0 -2.0 
0.6258933951452282 2.0 2.0 -2.0 -0.2234163160112581 -2.0 0.0010160731151664937 -2.0 -2.0 -1.9982821981906098 -1.9938510997647476 -2.0 -2.0 -2.0 -1.9979758463395891 -1.999488036683349 -1.9768056549133606 -2.0 -2.0 -2.0 -1.9880372115555256 -2.0 -2.0 -2.0 -2.0 -2.0 -2.0 -2.0 -2.0 -2.0 
0.9611447635305446 2.0 2.0 -1.9939797537430146 -0.2234163160112581 -1.9982175311469919 6.226495907277751E-4 -2.0 0.24406787920495776 -1.9912945632055217 -2.0 -1.99904179220364 -2.0 -1.9557303689010244 -1.999469429849782 -1.9391515233677876 -2.0 -1.922355918929587 -1.9999162731149172 -2.0 -2.0 -2.0 -2.0 -2.0 -2.0 -2.0 -2.0 -2.0 -2.0 -2.0 
0.6030678546169135 2.0 2.0 -1.994544737395234 -0.6104285675139622 -2.0 1.9999085372554988 -2.0 -0.25964030159849266 -1.9988618127495863 -2.0 -1.9936748795371275 -2.0 -2.0 -2.0 -2.0 -1.9500491346790731 -1.9411575808440202 -1.9998743204004081 -2.0 -2.0 -2.0 -1.9989339404251183 -2.0 -2.0 -2.0 -2.0 -2.0 -1.9999817136370566 -2.0 
0.28006208195839627 2.0 2.0 -2.0 -0.4666307279167024 -2.0 2.0 -2.0 -0.042129402839084396 -2.0 -1.9978276186894708 -1.9983746748704456 -2.0 -2.0 -1.9998347061012347 -2.0 -1.9750983567313425 -2.0 -1.999908733522549 -2.0 -1.9828923909546332 -2.0 -1.995445527241843 -2.0 -1.9816774972019675 -2.0 -2.0 -2.0 -1.9974609632872014 -2.0 
0.6450442343999316 2.0 2.0 -1.9786223864151276 0.11437810540696447 -1.9978831580458496 -2.0 -2.0 0.5483316324099178 -2.0 -1.9898555036284034 -1.9936748795371275 -2.0 -1.9819181624630122 -1.9998232326534136 -1.9962439134366352 -1.9064907553262858 -1.9652086166259464 -2.0 -2.0 -1.9990767008505845 -2.0 -1.9982557934083625 -2.0 -1.9964706541789454 -2.0 -2.0 -2.0 -2.0 -2.0 
0.9536853085102245 2.0 2.0 -2.0 -0.3261919200161859 -2.0 2.0 -2.0 -2.0 -2.0 -1.999230478498692 -2.0 -2.0 -2.0 -1.9892012059672204 -2.0 -1.9984338299242121 -2.0 -1.9999492657307134 -2.0 -2.0 -2.0 -1.995445527241843 -2.0 -2.0 -2.0 -2.0 -2.0 -2.0 -2.0 
0.7420494985532871 -2.0 -2.0 -1.973657389181097 -2.0 -2.0 -2.0 -2.0 -2.0 -2.0 -2.0 -1.9809482515511718 -1.9931299358146144 -1.961996313985991 -1.996276313290518 -1.9987628287026922 -1.970357906823477 -2.0 -2.0 -0.38407172842726334 -1.9996150643342387 -0.6133192248409569 -1.9997813458597586 -0.7179025179549091 -1.9861994092454989 2.0 2.0 2.0 -1.9988895477886048 2.0 
0.7452397308778985 -2.0 -2.0 -2.0 -1.590692028726191 -1.9970613639410484 -2.0 -2.0 -2.0 -1.9990199852047832 -2.0 -2.0 -2.0 -2.0 -1.9995490735102392 -2.0 -2.0 -2.0 -2.0 -0.3890530342930276 -1.9881165282182778 -0.6133192248409569 -2.0 -0.7668059168915025 -1.988193952428452 2.0 2.0 2.0 -2.0 -1.0 
0.7121191432725991 -2.0 -2.0 -1.9974630455371847 -2.0 -1.9945844978531122 -2.0 -1.9344984686275035 -2.0 -2.0 -1.9999145849783706 -1.9937739670873103 -2.0 -1.9865225285849895 -2.0 -2.0 -1.9997040084706437 -2.0 -1.9995120732361984 -1.9916963647554842 -1.998527597427496 -0.04596336844768789 -1.9997813458597586 -0.253772229361402 -1.9997053905712223 2.0 2.0 2.0 -2.0 2.0 
0.39153555380391714 -2.0 -2.0 -2.0 -2.0 -1.9991084469758738 -1.9993632795335379 -1.9540637596387862 -2.0 -2.0 -2.0 -1.9615175080642984 -2.0 -1.8367062765442363 -1.9830242138828522 -1.9913662853888177 -1.9761474368976355 -2.0 -1.9994941358752345 -0.057792444268159715 -1.998850642682133 -0.24639888992731962 -1.9965648600263701 -0.5832966861427887 -1.9944023526548245 1.999979203725459 2.0 2.0 -1.9997023981363546 2.0 
0.39153555380391714 -2.0 -2.0 -1.9949254011494546 -2.0 -1.9991084469758738 -1.9993632795335379 -1.9843537632002097 -1.6369337486889952 -2.0 -1.980111895128324 -2.0 -2.0 -2.0 -1.9830242138828522 -1.9913662853888177 -1.9761474368976355 -2.0 -1.9994941358752345 -0.057792444268159715 -1.998850642682133 -0.24639888992731962 -1.9965648600263701 -0.5832966861427887 -1.9944023526548245 1.999979203725459 2.0 2.0 -1.9988953578329314 2.0 
0.6941596885937243 -2.0 -2.0 -1.9615854293227921 -2.0 -2.0 -1.9956334491773657 -2.0 -2.0 -1.9999718179601178 -1.9748564277865421 -2.0 -2.0 -2.0 -1.9830242138828522 -1.9928560181118797 -2.0 -2.0 -1.999832546229834 0.47339387478596984 -1.990233640872712 0.3199786062927681 -2.0 0.0953220564115711 -2.0 2.0 1.999259727126675 2.0 -1.9989077307145349 2.0 
0.6901100646598902 -2.0 -2.0 -2.0 -2.0 -1.9990831946067005 -2.0 -1.9540637596387862 -2.0 -1.998648158853582 -2.0 -1.9639070087874413 -2.0 -1.8602071211513502 -2.0 -1.9975256574053843 -2.0 -1.9342653120002626 -1.9981976369036636 -2.0 -1.9964287118589688 0.35818626153765043 -2.0 0.18140997308353857 -2.0 1.9999410772221335 2.0 2.0 -2.0 2.0 
0.3792427307263015 -2.0 -2.0 -1.9807493224764232 -2.0 -1.9989511602569996 -2.0 -1.9748212697940462 -2.0 -1.9499980642101682 -2.0 -1.9636258664322535 -1.9894942517540373 -1.8057659376111959 -2.0 -1.9974299515259095 -2.0 -1.9342653120002626 -1.9982001874189441 -2.0 -2.0 -2.0 -2.0 -0.253772229361402 -2.0 2.0 2.0 2.0 -2.0 2.0 
0.06344366512407629 -2.0 -2.0 -2.0 -2.0 -2.0 -1.030074627877353 -1.999424002568367 -1.263669719427439 -2.0 -1.9950770357819176 -2.0 -1.944841728807949 -2.0 -1.9943867997005793 -2.0 -1.944418456344009 -2.0 -1.9846809907038074 -0.12502377988857827 -1.9982143559294845 -0.3351541260418711 -1.9889191775414548 -0.5457266846109743 -2.0 2.0 2.0 2.0 -1.9838789720046484 2.0 
0.06344366512407629 -2.0 -2.0 -1.9868147511992391 -2.0 -1.982436335889441 -1.9704334086802304 -1.9945937318607696 -2.0 -1.995940915510222 -1.998657319329109 -1.9853378121397078 -2.0 -1.9838150893470743 -2.0 -1.9993814143513462 -1.980991308320146 -2.0 -1.9984494546560136 -0.12502377988857827 -2.0 -0.3351541260418711 -1.9964555329562494 -0.5457266846109743 -1.998690208599011 2.0 1.999775907036398 2.0 -2.0 2.0 
0.714528944304272 -2.0 -2.0 -1.9942594690608195 -1.9285007617923386 -1.9945844978531122 -2.0 -2.0 -1.9982118746599369 -2.0 -2.0 -1.9986499424759734 -2.0 -2.0 -2.0 -2.0 -1.9972462070999064 -2.0 -1.9996495887874888 -2.0 -1.979825065774668 -0.07051402524888106 -2.0 -0.253772229361402 -2.0 2.0 2.0 2.0 -1.9982902226696435 2.0 
0.9275348480502643 2.0 2.0 -1.981975268703758 -0.7470668384945532 -1.993642672749259 2.0 -1.989228273301654 -0.41733389660672204 -1.9945730199594234 -2.0 -2.0 -2.0 -1.9317380283482228 -2.0 -1.9825013111519252 -2.0 -1.8897155747752994 -2.0 -2.0 -2.0 -2.0 -2.0 -2.0 -2.0 -2.0 -2.0 -2.0 -2.0 -2.0 
0.38029800032396843 -2.0 -2.0 -1.9927559340840864 -2.0 -1.9989582587064543 -1.9979913532456441 -2.0 -2.0 -2.0 -2.0 -2.0 -1.9921700057967187 -2.0 -1.9880018847132461 -2.0 -1.9707043616749425 -2.0 -2.0 -2.0 -1.9917764711578507 -0.04596336844768789 -1.9870207014400054 -0.253772229361402 -1.9744472886871676 2.0 2.0 2.0 -1.9967798211153398 2.0 
0.30131847288603647 2.0 2.0 -2.0 -0.08947254203430344 -2.0 0.0 -2.0 -1.9982118746599369 -2.0 -1.9996324027617782 -2.0 -2.0 -2.0 -2.0 -2.0 -1.9533718125624122 -2.0 -1.9993301849193363 -2.0 -1.963902692175101 -2.0 -2.0 -2.0 -1.9984363445745834 -2.0 -2.0 -2.0 -2.0 -2.0 
0.937076474270472 2.0 2.0 -2.0 -0.6149887190842944 -1.9968213363746297 2.0 -1.9986127312336772 -0.2307959037446486 -1.9938857007960968 -2.0 -2.0 -2.0 -2.0 -2.0 -1.9924878268732704 -2.0 -1.9961267631812456 -2.0 -2.0 -1.9850379449712359 -2.0 -2.0 -2.0 -2.0 -2.0 -2.0 -2.0 -2.0 -2.0 
0.2678869289850794 2.0 2.0 -2.0 -0.6389345053130728 -1.9986167500098464 1.9999085372554988 -2.0 -0.2307959037446486 -1.9983298508070577 -2.0 -2.0 -1.996988265752345 -2.0 -2.0 -2.0 -1.9963942802922967 -2.0 -2.0 -2.0 -2.0 -2.0 -1.9998719651069017 -2.0 -1.994220903620333 -1.9999896018627294 -2.0 -2.0 -1.9962920480464716 -2.0 
0.6664673053396308 0.20983181496280479 -2.0 -2.0 -2.0 -2.0 -2.0 -1.9593126515904498 0.8303650714384121 -1.9999718179601178 -2.0 -1.99199746466942 -2.0 -1.9102720862118487 -1.9996680783236414 -1.9990819013875343 -2.0 -1.988696914581759 -1.9988585010678257 -2.0 -2.0 -1.9961687684269638 -2.0 -2.0 -1.996706231892905 -2.0 -2.0 -2.0 -1.9999817136370566 0.0 
0.0 0.20983181496280479 -2.0 -2.0 -1.9375950271528 -2.0 -1.9988637531838274 -2.0 -2.0 -2.0 -1.9910781328842666 -2.0 -2.0 -2.0 -1.995591372629678 -2.0 -1.9758138294412566 -2.0 -2.0 -2.0 -1.9421588472725455 -2.0 -2.0 -2.0 -1.9867013779907408 -2.0 -2.0 -2.0 -2.0 0.0 
1.0 0.20983181496280479 -2.0 -2.0 -1.9375950271528 -2.0 -1.9988637531838274 -2.0 -2.0 -2.0 -2.0 -2.0 -2.0 -2.0 -1.995591372629678 -2.0 -1.9758138294412566 -2.0 -2.0 -2.0 -1.9421588472725455 -2.0 -2.0 -2.0 -1.9867013779907408 -2.0 -2.0 -2.0 -2.0 0.0 
0.6208825747013718 2.0 2.0 -2.0 -0.3261919200161859 -2.0 1.9966446997315588 -2.0 -2.0 -2.0 -1.99910261608753 -2.0 -1.9975520953183972 -2.0 -2.0 -2.0 -1.9805452760651325 -2.0 -2.0 -2.0 -1.98459806298309 -2.0 -2.0 -2.0 -1.9886230961989337 -2.0 -2.0 -2.0 -2.0 -2.0 
0.7185475572366081 -2.0 -2.0 -1.9951895573715295 -1.7589746969227051 -1.9925041247903488 -1.9952512413241945 -1.98276237789787 -2.0 -1.9998872718404708 -1.9973050839984836 -2.0 -1.9623300438993763 -2.0 -1.986010565408694 -1.9977170691643338 -2.0 -1.982442559203226 -2.0 0.006293996912898447 -1.9965749700931041 -0.1279292900922453 -1.9895191409156152 -0.3026756282979953 -2.0 2.0 2.0 2.0 -1.992260566684312 2.0 
0.7307184101515253 -2.0 -2.0 -1.990379114743059 -1.7025041506886027 -2.0 -2.0 -1.992067569763935 -2.0 -2.0 -1.9770160912552903 -1.9997839649483997 -1.940320076205315 -2.0 -1.9839434690899675 -2.0 -1.9805007875488219 -2.0 -1.9995724546674336 -0.13195530452263915 -1.9997615849228207 -0.3351541260418711 -1.9889191775414548 -0.5457266846109743 -1.9969130808527322 2.0 1.999775907036398 2.0 -1.9959747763941746 2.0 
0.7264839573059512 -2.0 -2.0 -1.9927559340840864 -1.943381937707895 -1.9991084469758738 -1.9979456218733935 -1.9831416877782444 -1.2738674973779904 -2.0 -1.9770160912552905 -2.0 -1.9975021483266961 -1.9667046672116348 -1.9856570307155212 -1.990688759207475 -1.9693941357768263 -1.9971464680837847 -1.9994941358752345 -0.12503341070184426 -2.0 -0.24639888992731962 -1.9964555329562494 -0.510544276334423 -1.9929413083578909 1.999979203725459 2.0 2.0 -1.9967798211153398 2.0 
0.3966773177938917 -2.0 -2.0 -2.0 -2.0 -1.9848580613112783 -2.0 -1.9996531828084194 -2.0 -1.999324079426791 -1.9955828692114828 -1.9988994838108056 -1.9975021483266961 -2.0 -1.985739677664904 -1.9897903510008383 -1.9693941357768263 -2.0 -1.9984494546560136 -0.12503341070184426 -1.9982143559294845 -0.3351541260418711 -1.9964555329562494 -0.5457266846109743 -1.998690208599011 2.0 1.999775907036398 2.0 -1.9967798211153398 2.0 
0.3966773177938917 -2.0 -2.0 -2.0 -0.3909525644531039 -2.0 -2.0 -1.9996531828084194 -2.0 -2.0 -1.9955828692114828 -1.9988994838108056 -1.98680919895267 -2.0 -1.9880018847132461 -2.0 -1.935140985184455 -2.0 -2.0 -0.13486119702660526 -2.0 -0.3351541260418711 -1.9889191775414548 -0.5457266846109743 -1.9961553215978884 1.999936620877589 1.999775907036398 2.0 -1.998381217575263 2.0 
0.7931005998244555 -2.0 -2.0 -1.9752935087122852 -2.0 -2.0 -2.0 -2.0 -2.0 -1.998192625478344 -1.9999893906547528 -2.0 -1.9931299358146144 -1.9616913609902187 -1.998681019999777 -1.9736172146017168 -1.9836956855317198 -2.0 -1.9989882717504692 -0.9320155973532608 -1.9998001709327933 -0.9977391367010919 -1.9964757862493434 -0.9706545673679399 -1.9861994092454989 2.0 2.0 2.0 -1.998884976197869 2.0 
0.7027937762377903 -2.0 -2.0 -1.9763039028998186 -2.0 -1.9987392817155922 -2.0 -2.0 -2.0 -1.968661113778344 -1.9999145849783706 -1.9857400303261552 -1.9946391931559513 -2.0 -1.9999016456232215 -2.0 -1.998327112020597 -1.984400142849212 -1.9995958001212815 -1.9668114218474444 -1.998527597427496 0.15512354543022833 -1.9997813458597586 -0.2782239288296986 -2.0 2.0 2.0 2.0 -1.9981056003009854 2.0 
0.7027937762377903 -2.0 -2.0 -1.9763039028998186 -1.8523466783747267 -1.999101807481181 -2.0 -2.0 -2.0 -1.9993938330650498 -1.994910300040106 -2.0 -1.9946391931559513 -2.0 -2.0 -2.0 -1.9820736440487057 -2.0 -2.0 -1.9668114218474444 -1.9998001709327933 0.15512354543022833 -2.0 -0.039669259196989604 -1.9911296786828494 2.0 2.0 2.0 -1.998884976197869 2.0 
0.36968457593139564 -2.0 -2.0 -1.9969898768715073 -2.0 -2.0 -2.0 -1.992067569763935 -2.0 -2.0 -1.9999787813095056 -2.0 -1.9921700057967187 -2.0 -1.9880018847132461 -1.9973882680403525 -1.9805007875488219 -2.0 -1.9988960165203344 -2.0 -1.9585910072713557 0.15512354543022833 -1.9881553492971638 -0.039669259196989604 -1.997606864567029 2.0 2.0 2.0 -1.9967798211153398 2.0 
0.7699796977652914 -2.0 -2.0 -2.0 -2.0 -1.9884867905887358 -2.0 -2.0 -2.0 -2.0 -1.9999828364875676 -1.9968869835436551 -1.9970870978375541 -2.0 -1.9789299082047584 -2.0 -1.9184476625611804 -2.0 -1.9923404953519037 -0.802934741668956 -1.9739360415527145 -0.9068893656610693 -2.0 -0.9706545673679399 -1.9691931545852406 2.0 2.0 2.0 -1.991939486002324 2.0 
0.762421998874558 -2.0 -2.0 -1.9713631516850552 -2.0 -1.9970613639410484 -2.0 -1.9856869225063347 -2.0 -2.0 -1.993808392253933 -1.9809482515511718 -1.9787108573434893 -1.8960419510852402 -1.9939097095579696 -1.9993814143513462 -1.992967406122967 -1.9626282819537755 -2.0 -0.802934741668956 -1.9995643561084067 -0.8672450075598246 -1.9997813458597586 -0.9706545673679399 -2.0 2.0 2.0 2.0 -2.0 2.0 
0.7642572192184554 -2.0 -2.0 -1.9672129423347628 -1.578045867606832 -1.9993962243563224 -2.0 -1.992067569763935 -2.0 -1.9998172788552926 -1.998672534192147 -1.9996323825173468 -1.9869171316737373 -1.9812585098242086 -1.9882273479581265 -1.9993814143513462 -2.0 -2.0 -1.9989882717504692 -0.802934741668956 -1.9917764711578507 -0.8672450075598246 -1.986584649792096 -0.9706545673679399 -1.9977843707294745 2.0 1.999775907036398 2.0 -1.9958044908512091 2.0 
0.4119588728429466 -2.0 -2.0 -1.997320170695195 -2.0 -1.9893691321678815 -1.999075389629335 -1.9540637596387862 -2.0 -2.0 -1.991608739751202 -1.9769016571921052 -2.0 -1.8589512876947212 -1.998023809923188 -2.0 -1.9994080169412873 -2.0 -2.0 -0.3890530342930276 -1.9984910221712642 -0.6133192248409569 -2.0 -0.7668059168915025 -2.0 2.0 2.0 2.0 -2.0 2.0 
0.4119588728429466 -2.0 -2.0 -1.9927064118791087 -2.0 -1.9994791293532272 -2.0 -1.992436102119507 -2.0 -2.0 -1.9768611270986578 -1.994075320337972 -1.9692048313376678 -2.0 -1.9996836074281517 -2.0 -1.9777003637495507 -2.0 -2.0 -0.3890530342930276 -1.9919035664246014 -0.6133192248409569 -1.9889191775414548 -0.7668059168915025 -2.0 2.0 2.0 2.0 -1.9919349144115885 -1.0 
0.7079459830137134 -2.0 -2.0 -1.9927559340840864 -1.5963912025350302 -2.0 -2.0 -1.9943645516207171 -2.0 -2.0 -1.9950770357819176 -2.0 -2.0 -1.9915207526311771 -1.9977592141834992 -1.9545699718533927 -2.0 -1.923806241418569 -2.0 -2.0 -1.9850519529907849 -2.0 -2.0 -0.15184790412318327 -2.0 2.0 2.0 2.0 -1.9990903835875835 2.0 
0.3569463252972372 -2.0 -2.0 -1.9986959583336863 -2.0 -1.993957320297933 -2.0 -1.997579217583393 -2.0 -2.0 -2.0 -2.0 -1.9996374190573618 -1.9971316577143896 -2.0 -1.9764217695749364 -2.0 -1.8309109401919224 -1.9999164516588517 -1.9692396981652482 -1.9963068034023381 -2.0 -2.0 -2.0 -2.0 5.54567321093824E-5 1.998175410324282 -2.0 -1.9998180101887608 2.0 
0.3569463252972372 -2.0 -2.0 -2.0 -2.0 -1.9940899590186447 -1.9993773504092722 -2.0 -2.0 -2.0 -2.0 -2.0 -2.0 -1.9971316577143896 -1.9849289658481355 -1.9966713096259754 -1.9398833858098956 -1.9930419711959435 -2.0 -1.9889991861382414 -1.9963068034023381 0.38051346884817216 -2.0 -2.0 -1.9691931545852406 5.54567321093824E-5 1.998175410324282 2.0 -2.0 2.0 
0.6081541307057505 2.0 2.0 -1.9921378195263082 -0.5454376354217385 -1.9984866772734375 1.9997667249221687 -2.0 -0.1879986481626432 -2.0 -1.9995670163805155 -2.0 -2.0 -2.0 -2.0 -1.9868086073008584 -2.0 -1.8787082348222368 -2.0 -2.0 -2.0 -2.0 -2.0 -2.0 -1.995022043823805 -2.0 -2.0 -2.0 -1.9999908568185283 -2.0 
0.27567053034389494 2.0 2.0 -1.9912172564400843 -0.5454376354217385 -1.9998368019875907 2.0 -2.0 -0.1879986481626432 -1.9982912185314747 -2.0 -2.0 -2.0 -1.9591796725158768 -1.9998347061012347 -2.0 -2.0 -1.8424878815046253 -1.9997813331317436 -2.0 -1.9997824250226788 -2.0 -2.0 -2.0 -2.0 -2.0 -2.0 -2.0 -2.0 -2.0 
0.933606618423172 2.0 2.0 -2.0 -0.6738563946210552 -2.0 2.0 -2.0 -0.30974179586170236 -1.9965643963812199 -2.0 -1.9944366982016093 -2.0 -2.0 -1.9998530441344387 -2.0 -1.9759259972664625 -1.9994537138873993 -2.0 -2.0 -1.996921416752958 -2.0 -2.0 -2.0 -2.0 -2.0 -2.0 -2.0 -1.9995146938366959 -2.0 
0.6357733729557079 2.0 2.0 -2.0 -0.060420590007546335 -1.9992083309690114 -1.9994919634424169 -2.0 -2.0 -2.0 -1.9982088139094432 -2.0 -1.985147949942194 -2.0 -2.0 -1.9975256574053843 -2.0 -2.0 -2.0 -1.999383145258147 -1.985569826063781 -2.0 -1.9984839640299925 -2.0 -1.9652626597679497 -2.0 -2.0 -2.0 -1.9966868090603813 -2.0 
0.9827928431212236 2.0 0.0 -1.9843157174602755 0.1944010358936722 -2.0 -1.9960741692357895 -2.0 -2.0 -1.9996626132220672 -2.0 -1.9993566992121643 -2.0 -2.0 -1.9928585847608133 -1.999690707175673 -1.9931739748831365 -1.9175302753574435 -2.0 -2.0 -2.0 -2.0 -1.9963896827927647 -2.0 -1.994220903620333 -1.9999896018627294 -2.0 -2.0 -1.9962920480464716 -2.0 
0.3671791657094674 -2.0 -2.0 -1.9815773778974823 -2.0 -1.993048927375511 -1.9989839268848335 -1.990443665864437 -2.0 -1.9894559001375565 -2.0 -1.9750152595998776 -2.0 -1.9915207526311771 -2.0 -1.978810116977229 -2.0 -1.8918391985624234 -2.0 -1.9970742119997862 -2.0 0.2872838717765668 -2.0 -0.011665989064532534 -1.9984844814903124 -2.0 2.0 2.0 -1.9990903835875835 2.0 
0.9877620835428375 0.0 0.08874170960640149 -1.966510147928979 -2.0 -1.9989516192117618 -2.0 -2.0 -2.0 -1.999500708878055 -2.0 -2.0 -2.0 -1.954148651627846 -2.0 -1.9942359400618423 -2.0 -1.922355918929587 -2.0 -2.0 -1.9948039169785203 -2.0 -2.0 -2.0 -2.0 -2.0 -2.0 -2.0 -1.9998998619129087 -2.0 
