0.3627388064392504 0.3283542332138745 -0.4642933774353655 -0.14802967476931006 -0.7232723766956058
0.45027029119380146 -0.19663348598785949 -0.4749446765168354 0.662976723749816 0.30574720778903336
-0.09144221704761941 -0.9055624907749332 -0.061081534410127744 -0.06357625056088428 -0.4047493085375667
-0.7954640404911124 0.1600059143288899 -0.34328185474164613 0.4313576637623453 -0.19422461683308162
0.15669238781206862 0.08873247658025525 0.6612759093428549 0.5902861216662337 -0.42643933858487226
-0.2641286256913713 -0.43769377534958986 -0.4684410491629259 -0.7120182604933377 -0.1106942107510108
-0.0010546017442588373 -0.03801479664316322 0.5669292384320667 -0.4557447451088517 0.6851581780639009
-0.47830927449924776 0.6009198658894923 -0.46104994039912495 0.042579907387822025 0.44242000028498474
0.8265619548119804 0.3049154682160437 -0.3598335305353211 -0.2777187311653963 0.13120224373979605
-0.1350945213209978 0.5940546324020604 0.3422090075237993 -0.45429723956506274 -0.5525898816698003
0.13050325102185728 0.7869584222472086 -0.17074606672257384 -0.5281663997514635 0.23569339829374847
-0.14796832684424918 -0.21586967188356698 -0.25296353660705 0.13483485561507122 0.9215935491692157
0.35365264255987316 -0.17301711027985434 0.8178762294319329 -0.3073146961623723 0.2857114607670862
0.12837027049222285 0.5289426306959473 0.30624478589074994 0.7723992918292784 0.11556051307678707
-0.9052762880954115 0.15614576330446045 0.3796680580335362 -0.10870523165467151 0.011343770722322816
0.5140272426922181 0.5515929425563708 -0.08138376564017977 -0.6518249020004813 0.004711614853393567
0.39748419835717197 0.2819776373804491 0.3639189496839416 0.5021919793471106 -0.6147041060657269
0.5509884688338202 0.02125432885189539 -0.13787155353153768 0.47456621022155987 0.6721148023663579
-0.1997366625475639 0.39225754786327505 -0.8273064332189308 0.2761790554863668 -0.2133740299190086
0.48404470730823485 -0.67964410347526 -0.3968566252849154 -0.14642252025593147 -0.35334102290501507
-0.6910573760501805 -0.047197521259268294 -0.28588607346404626 0.3399753067937027 0.5682411818615917
-0.4353791321889186 -0.53934789454817 0.29615103415062 0.28159432915281046 -0.5937575756665152
-0.20388145805424718 0.3874897240263205 0.8698297432860879 -0.008867326995790847 0.22715997235976615
-0.3634271778337087 0.7226130368862718 -0.2707211437358603 0.0063205184235001766 -0.5219398420460255
-0.39904605214757394 -0.18589877710582914 -0.02588431957837517 -0.8972195083246425 0.023044496471914037
0.33338523290571065 0.3937287689900907 0.6163016824980715 0.25511112751371 -0.5375151083631815
-0.26288808659120527 -0.5998884069051142 -0.12816845069888946 0.5705188554203773 -0.4786489705875568
-0.8779176134270124 0.16600623192607683 0.38164877062525987 -0.2192244094321371 -0.08937264226642994
0.157274615072597 -0.32079590723118934 -0.0581985381510946 -0.7464136724108464 -0.558421204067963
-0.15578671283907852 0.595519498081982 -0.6743161205494022 0.06506793508165765 -0.402679724965626
0.06983829527671878 0.4661909027357185 -0.7330756669432958 0.1347654071076983 0.4714095950466392
-0.6279096381495586 -0.013044753610637873 0.17535893682215953 0.7394914055918183 0.16721550482705444
0.3590203866720619 0.3337212466263634 -0.11601908678817172 0.4978815428572352 -0.7059660277144522
-0.30009194796871813 0.8083969977133079 0.38856725383539925 -0.3192449557575898 -0.05947490498188322
-0.6179816207217799 -0.13274147900316957 -0.517111564906355 -0.2918687609326611 -0.49788218690154795
0.4209586505990398 -0.32122561356926715 0.07017765190847929 0.543798144649258 -0.6472762893243655
0.44068545704633444 0.16366835870527088 -0.8015013420757542 0.21597883032064286 0.29992955808102323
0.4939228488915593 0.68610914464196 0.1883400829373788 -0.3832558109870772 -0.3208386782875513
-0.43068559433078746 -0.01421108214224033 -0.562597540576755 -0.3389411687107058 -0.6187979116563748
0.44625136482982497 -0.6317270457474452 -0.026128840760827193 -0.6291824776859332 0.07230043230997311
-0.10426989482413378 -0.017578248310617182 0.5729986542258878 -0.47407387772524057 0.660110062742245
-0.30576980564076867 0.5361321597037714 -0.0891863336237495 -0.6548705679610405 -0.4269162334731675
0.8740025415863156 -0.1517810320364513 -0.05691530608104578 -0.4387513981632092 -0.13168118376647642
0.28563542433252587 0.7455139897005909 -0.3033512612611917 0.2072424825385309 0.47712667212135607
-0.22397450001911265 -0.365273489309534 -0.7539608745651343 -0.33308596745888946 0.3701451597086917
-0.5548943757348042 -0.35199091437609614 0.2264909779233393 0.46586120318526014 -0.5476036927018225
0.39774130606279323 0.3308317116144486 -0.5608290818686539 0.4422956665916688 -0.4713783154604295
-0.20402531259352155 -0.5153436835681705 -0.6927348187692539 -0.44385437607982714 -0.12612027325938294
-0.3200988027660652 -0.029724882567519803 -0.36503689842180864 0.5610542716731621 0.6697905305780033
-0.6243432657746801 0.7072411851339478 -0.14504865219989782 -0.2748804826703748 -0.11578860597671427