-0.15134875716615565 0.892435511731983 0.09309279139093864 0.17748666599573695 -0.3748127888541575
0.19763202822638695 0.24932816439018696 -0.23003479169436641 -0.9194598654986845 0.02132130878684757
0.2365818744245569 0.1649839142412886 -0.8724536266754923 0.31923933281833305 0.23177627665028883
0.4785556113575452 0.312938191463915 0.4123476032410943 0.10083775156830471 0.7020366209260995
-0.8081142732654435 0.12745320790938217 -0.08492261302668162 -0.1049287156663809 0.5590036811718062
0.22459611266903307 0.4788616672550917 0.3856647591131074 -0.5778006689953499 -0.48750094389076515
0.3729622925327384 0.17050577151759205 0.64511998847784 0.19967737177616396 0.6130057568203021
0.6609238197827814 -0.2082355815853718 -0.4604039202006486 -0.4707499745201541 0.2936670542616044
-0.5092926989155945 -0.4154081615344746 0.2916354225799354 -0.6171768463751417 0.3195286008432973
0.3380182921051612 -0.7250470932327182 0.3715641325600172 0.1541510165285913 -0.4452279262301724
0.07246364984706763 0.33496524491503477 0.3413564925915318 -0.05609992282956347 -0.8734276431244754
-0.40276066284141177 0.5362758417312254 0.5080890794414991 0.41672767909506525 0.3440575516848049
-0.661512214040135 -0.0509187289883796 0.12099117323374461 -0.7380776480235458 0.02028287951645616
0.09216141152062246 0.7599852156263696 -0.5951915658920315 -0.23036543729169118 0.08128660066866494
-0.6216435737789245 -0.14154950138388114 -0.5063885545788046 0.47472517409970566 -0.33425984907693573
0.4251038608004786 0.8543280263251202 -0.28727919312743483 -0.0069466379770317215 0.08266039187433195
-0.24597242462422753 -0.041330642070908516 -0.6302502093234378 0.5819636027556476 -0.4493243628670885
0.32778177254935276 -0.43088987592744643 -0.6573771471658316 -0.24705657791589752 0.46228925804114535
-0.12389756161729026 0.050247745599539956 0.1551737012081935 0.6700965577311776 0.7134537714930311
0.7974915533513192 -0.2832392634272748 0.2530449518984241 0.3888492766018672 -0.2618152676820121
0.5086069075594181 0.18535275141081545 0.6016682325595507 -0.27012700715513804 -0.5215267098254514
0.41724740032665797 -0.5191518299625248 -0.22649450465211257 0.6144364757153997 -0.35714708600244915
0.501020804686955 0.3322102901368984 0.2216025798974225 0.4022775002929856 0.6539721597582172
0.15805070282033865 0.708587458463557 -0.5995228770920926 0.08018283184320757 -0.3272106697022233
0.5396496540463309 -0.2892505347035967 -0.4220902672617396 -0.6174485756332088 0.25633852966886156
0.04105660205943151 0.677587909788195 0.6424001278903847 -0.1662655332182898 0.3144309591726967
0.5345929978753767 0.2868763041958202 0.01647666452352836 0.7172044797270756 -0.34243038197442505
-0.7403582411099131 0.17026059457300982 -0.09295668772672201 0.5986846684723341 0.23625563844981237
-0.37530305322669366 0.3684878949058 -0.03350329797203923 -0.254080242732901 -0.8109778349772571
0.15343394379767128 0.5420374635053826 -0.7597941684722712 -0.18706524185966364 0.2652787776865301
0.36496552974958996 0.8895608833799692 -0.1828727237150133 -0.023546671553545923 -0.20367797631225598
-0.23320304526614377 0.22497318932546734 0.8787112694943048 -0.2944263796125259 -0.19021833669572658
0.3697852718737136 -0.34796916199551603 0.0036693783509045563 0.008722371736041679 -0.8614445837656866
-0.8205821949054874 0.17902520998408064 -0.3110610573900228 0.13266745025233992 -0.42454116621735627
0.04816861927203567 0.07025621207601701 0.31249260154870595 0.946087696316706 0.0032083699328137594
0.49214329068993456 -0.4426990140976132 0.5347186884215148 -0.4966278418575546 0.1710241950443413
0.4315794566105851 0.3014188248188691 -0.6155490392039761 -0.33893160325568783 0.47865500449291853
0.5498527776465487 -0.35479487290174544 -0.3880410084490054 0.23502291234668402 -0.6049553103419878
-0.4767298721364934 -0.7134825962572631 -0.4246035532701059 -0.23656565392025683 0.1655890328083306
0.20475523433527204 -0.2796917195099682 0.06566051248746389 0.7261453553275691 0.5901266441078126
0.10237980038747344 -0.2642621500156918 -0.3553445930544993 -0.8239109134331798 0.3385039430410532
-0.5986061484667392 0.4296048521657389 -0.04591714064908699 0.0826732033314445 0.6694528419978509
0.3992232085597576 -0.14294029276162432 0.7527069360918606 -0.02247913208575418 0.503106210886278
0.11821172911050781 -0.5957684590294302 -0.4210981654639936 0.5482142298731141 0.3914376368387296
0.6766357013477734 0.6084679145161697 -0.35739395599758905 0.11529004710693766 0.1758086741899379
-0.18886674827576688 -0.7835837263650969 0.09770836008362384 0.5558866449768124 -0.1782386307109637
-0.803014844357032 -0.1610070499337649 -0.2428707582438398 -0.5012741494614945 -0.13777485795890415
-0.3745932795242547 0.5640327447625276 -0.2690385809315245 0.6257995526962682 -0.27846022981103685
-0.40521964101640845 0.11088415843912405 0.43774790242659123 0.18923443282161279 0.772054952252482
0.12236596180223816 -0.17217735010828744 -0.8169834068396384 0.11081296989933923 0.5250144094714795