0.11062004053701635 0.6610908987473508 -0.2291662443776355 0.2489262313019973 0.6604851202204665
-0.6458616556758071 0.2809511068451894 0.7062033493577073 0.04794130306032734 0.053922704930315035
-0.15444347997486232 0.6083584006519672 -0.3306920143483357 0.017900146253057123 -0.7045350553803507
-0.5647256558689562 -0.33655594896941177 -0.4283415475187124 0.6179360141018422 0.049936238964091044
-0.47734481609830637 -0.025601732858589986 -0.3948746283433777 -0.7440242133631872 0.24897484940989878
0.6033876982121407 0.2175799016128076 0.7516124682006842 0.1377613071624621 -0.0684309283480858
0.3245561513669479 0.4230404824829561 -0.3774148268804571 0.31210661407128326 0.6898170516116691
0.6559797338460883 -0.3821448617652584 -0.30971492735151435 -0.5722776404892781 0.015194057433656566
-0.13923441117793353 0.7346078574055803 0.012654517028565834 -0.6591106749249724 -0.07986273211353534
-0.284413357251868 -0.2966687328640184 0.44334329031856384 -0.3488304804598097 0.7161429522024685
-0.7808276363354177 -0.15615477343810824 -0.14202267021353504 0.5076308604216238 0.29675639801082093
-0.2234180727350477 -0.06481483138948574 -0.6592755792082852 -0.13790410442708034 -0.7015850419222566
0.4153266934243738 0.4884847215086077 -0.5251861536803554 0.5167520162028769 0.21455365835736828
-0.3499877748125123 0.5943566158206084 -0.18154724879949147 -0.6090771298988475 0.34686368648156074
-0.21308416722310541 0.6160662419313181 0.48621535582575687 0.29203727692575576 -0.5033551230259606
0.588383400288793 0.28088550423934133 0.10128610486629058 0.2907651558513718 0.6928961371493942
0.4594952871217505 -0.32699072857426625 -0.6156769559596114 -0.5468616376699166 0.06184965387658922
-0.43735567149160104 0.504484338579847 -0.7000280860374615 0.14265844314418077 0.2093437749258199
0.39119745105908915 -0.07138877909832467 -0.3200282443282354 0.6708405424790129 -0.5379805627551728
0.31361381710074604 0.7447010079764806 0.13500226832256446 -0.3821249907475907 -0.4275764977594415
0.559509628541074 -0.5424842205136481 -0.5868915313296722 0.17958263179681994 0.1263655604742412
-0.6785156837244654 -0.43701480630495904 -0.3788237616331141 -0.1414117142790714 -0.43026713876027345
0.19531104319310427 -0.02043260083231027 -0.07201993778473159 -0.9731561776185083 0.09600149870948342
0.01666867689537522 -0.7152064178230972 0.6912703063838523 -0.023022102525274923 0.0990821952850341
0.4337524572001062 0.05283198171391134 0.17032140249865432 -0.013778322823638667 -0.8831015599873607
-0.6257678002596296 -0.15376856574334172 0.21596666806390674 0.012885912963187363 0.733459092165296
0.3972485629444271 0.5267919708868363 0.6589328475744349 -0.25103926226221956 0.2597510150856729
0.6075778265395918 -0.1438548823378033 -0.31449431196389943 0.4272800456406812 0.573306242652783
-0.03874050728818024 -0.20045590899171625 0.5713704973037149 0.7523576119618934 -0.2565353390456441
-0.28276597601071446 0.7987293965895331 -0.30625966633900636 0.43382372960713 0.008760264728155373
0.13699021967475059 0.5961519396893225 -0.6758138575196692 0.37720240778423986 0.16380023829127402
0.20329894631272144 0.10968916417267591 -0.3998498490847019 -0.7809576234075181 -0.42055096518716817
0.502500464620553 0.5958057885959223 0.5728609879248471 -0.17676987331721522 0.18191054321534827
-0.3995761599199812 0.4116655552010434 0.23325279156767817 0.23739711214189002 -0.7484023713599487
0.7264539858940351 -0.328813146033375 -0.028620830019023713 0.40027310306534525 -0.45067595057398546
-0.3074497929082204 -0.23941619271057146 -0.27986962521125996 0.14236734407925178 -0.8657707801332841
0.6161664019994054 0.5374820580457409 -0.40249017465682146 -0.29605334750876866 -0.28601761669448894
0.2986634351527927 -0.6721385253273819 -0.6184004835150466 -0.024306093930208467 0.2757172665243805
0.34468000813678595 -0.4397235145836017 0.5461841143306791 -0.5627398721853569 -0.26989937424657173
0.5637458952235113 -0.09309112438821712 0.28095979682153677 0.758166871354413 -0.1406029726906306
0.5454774416682954 -0.48893895858091885 0.6778815103494713 -0.02034595475059346 -0.05878567397269853
-0.06053162999585416 0.04802968141122423 0.04792186198715713 -0.9937598721917793 -0.06460559603195574
0.4914084069256824 -0.28393103377082524 -0.6456308026053859 -0.0416831199078935 -0.5092389713154937
-0.6086107159650507 -0.30102262882799324 0.21445498492126128 0.07822655897464674 -0.6977592982249677
0.2947898512776951 0.7664205043451392 0.27449968896075755 0.06457926549904255 -0.4961632728558912
0.9282888825157789 0.04817086373649086 0.031820446384729244 0.26313655931257607 -0.25633167738206314
-0.18702273871049258 0.09566657083642921 0.8948046696190357 0.2083740232532813 -0.3343280904902177
0.004156241599478689 -0.7253015647761841 -0.03061778000382606 -0.4135100148938254 -0.5495383379884707
-0.3132032429678418 -0.07931339648677305 -0.3925735317830054 0.7431460954554203 -0.43500921448279695
-0.07203263186241754 0.6754069146686534 -0.20799191357093816 -0.4050713097446566 -0.5755809217439299