0 1
0.001001 0.999
0.002002 0.998
0.003003 0.997
0.004004 0.996
0.005005 0.99499
0.006006 0.99399
0.007007 0.99299
0.008008 0.99199
0.009009 0.99099
0.01001 0.98999
0.011011 0.98899
0.012012 0.98799
0.013013 0.98699
0.014014 0.98599
0.015015 0.98498
0.016016 0.98398
0.017017 0.98298
0.018018 0.98198
0.019019 0.98098
0.02002 0.97998
0.021021 0.97898
0.022022 0.97798
0.023023 0.97698
0.024024 0.97598
0.025025 0.97497
0.026026 0.97397
0.027027 0.97297
0.028028 0.97197
0.029029 0.97097
0.03003 0.96997
0.031031 0.96897
0.032032 0.96797
0.033033 0.96697
0.034034 0.96597
0.035035 0.96496
0.036036 0.96396
0.037037 0.96296
0.038038 0.96196
0.039039 0.96096
0.04004 0.95996
0.041041 0.95896
0.042042 0.95796
0.043043 0.95696
0.044044 0.95596
0.045045 0.95495
0.046046 0.95395
0.047047 0.95295
0.048048 0.95195
0.049049 0.95095
0.05005 0.94995
0.051051 0.94895
0.052052 0.94795
0.053053 0.94695
0.054054 0.94595
0.055055 0.94494
0.056056 0.94394
0.057057 0.94294
0.058058 0.94194
0.059059 0.94094
0.06006 0.93994
0.061061 0.93894
0.062062 0.93794
0.063063 0.93694
0.064064 0.93594
0.065065 0.93493
0.066066 0.93393
0.067067 0.93293
0.068068 0.93193
0.069069 0.93093
0.07007 0.92993
0.071071 0.92893
0.072072 0.92793
0.073073 0.92693
0.074074 0.92593
0.075075 0.92492
0.076076 0.92392
0.077077 0.92292
0.078078 0.92192
0.079079 0.92092
0.08008 0.91992
0.081081 0.91892
0.082082 0.91792
0.083083 0.91692
0.084084 0.91592
0.085085 0.91491
0.086086 0.91391
0.087087 0.91291
0.088088 0.91191
0.089089 0.91091
0.09009 0.90991
0.091091 0.90891
0.092092 0.90791
0.093093 0.90691
0.094094 0.90591
0.095095 0.9049
0.096096 0.9039
0.097097 0.9029
0.098098 0.9019
0.099099 0.9009
0.1001 0.8999
0.1011 0.8989
0.1021 0.8979
0.1031 0.8969
0.1041 0.8959
0.10511 0.89489
0.10611 0.89389
0.10711 0.89289
0.10811 0.89189
0.10911 0.89089
0.11011 0.88989
0.11111 0.88889
0.11211 0.88789
0.11311 0.88689
0.11411 0.88589
0.11512 0.88488
0.11612 0.88388
0.11712 0.88288
0.11812 0.88188
0.11912 0.88088
0.12012 0.87988
0.12112 0.87888
0.12212 0.87788
0.12312 0.87688
0.12412 0.87588
0.12513 0.87487
0.12613 0.87387
0.12713 0.87287
0.12813 0.87187
0.12913 0.87087
0.13013 0.86987
0.13113 0.86887
0.13213 0.86787
0.13313 0.86687
0.13413 0.86587
0.13514 0.86486
0.13614 0.86386
0.13714 0.86286
0.13814 0.86186
0.13914 0.86086
0.14014 0.85986
0.14114 0.85886
0.14214 0.85786
0.14314 0.85686
0.14414 0.85586
0.14515 0.85485
0.14615 0.85385
0.14715 0.85285
0.14815 0.85185
0.14915 0.85085
0.15015 0.84985
0.15115 0.84885
0.15215 0.84785
0.15315 0.84685
0.15415 0.84585
0.15516 0.84484
0.15616 0.84384
0.15716 0.84284
0.15816 0.84184
0.15916 0.84084
0.16016 0.83984
0.16116 0.83884
0.16216 0.83784
0.16316 0.83684
0.16416 0.83584
0.16517 0.83483
0.16617 0.83383
0.16717 0.83283
0.16817 0.83183
0.16917 0.83083
0.17017 0.82983
0.17117 0.82883
0.17217 0.82783
0.17317 0.82683
0.17417 0.82583
0.17518 0.82482
0.17618 0.82382
0.17718 0.82282
0.17818 0.82182
0.17918 0.82082
0.18018 0.81982
0.18118 0.81882
0.18218 0.81782
0.18318 0.81682
0.18418 0.81582
0.18519 0.81481
0.18619 0.81381
0.18719 0.81281
0.18819 0.81181
0.18919 0.81081
0.19019 0.80981
0.19119 0.80881
0.19219 0.80781
0.19319 0.80681
0.19419 0.80581
0.1952 0.8048
0.1962 0.8038
0.1972 0.8028
0.1982 0.8018
0.1992 0.8008
0.2002 0.7998
0.2012 0.7988
0.2022 0.7978
0.2032 0.7968
0.2042 0.7958
0.20521 0.79479
0.20621 0.79379
0.20721 0.79279
0.20821 0.79179
0.20921 0.79079
0.21021 0.78979
0.21121 0.78879
0.21221 0.78779
0.21321 0.78679
0.21421 0.78579
0.21522 0.78478
0.21622 0.78378
0.21722 0.78278
0.21822 0.78178
0.21922 0.78078
0.22022 0.77978
0.22122 0.77878
0.22222 0.77778
0.22322 0.77678
0.22422 0.77578
0.22523 0.77477
0.22623 0.77377
0.22723 0.77277
0.22823 0.77177
0.22923 0.77077
0.23023 0.76977
0.23123 0.76877
0.23223 0.76777
0.23323 0.76677
0.23423 0.76577
0.23524 0.76476
0.23624 0.76376
0.23724 0.76276
0.23824 0.76176
0.23924 0.76076
0.24024 0.75976
0.24124 0.75876
0.24224 0.75776
0.24324 0.75676
0.24424 0.75576
0.24525 0.75475
0.24625 0.75375
0.24725 0.75275
0.24825 0.75175
0.24925 0.75075
0.25025 0.74975
0.25125 0.74875
0.25225 0.74775
0.25325 0.74675
0.25425 0.74575
0.25526 0.74474
0.25626 0.74374
0.25726 0.74274
0.25826 0.74174
0.25926 0.74074
0.26026 0.73974
0.26126 0.73874
0.26226 0.73774
0.26326 0.73674
0.26426 0.73574
0.26527 0.73473
0.26627 0.73373
0.26727 0.73273
0.26827 0.73173
0.26927 0.73073
0.27027 0.72973
0.27127 0.72873
0.27227 0.72773
0.27327 0.72673
0.27427 0.72573
0.27528 0.72472
0.27628 0.72372
0.27728 0.72272
0.27828 0.72172
0.27928 0.72072
0.28028 0.71972
0.28128 0.71872
0.28228 0.71772
0.28328 0.71672
0.28428 0.71572
0.28529 0.71471
0.28629 0.71371
0.28729 0.71271
0.28829 0.71171
0.28929 0.71071
0.29029 0.70971
0.29129 0.70871
0.29229 0.70771
0.29329 0.70671
0.29429 0.70571
0.2953 0.7047
0.2963 0.7037
0.2973 0.7027
0.2983 0.7017
0.2993 0.7007
0.3003 0.6997
0.3013 0.6987
0.3023 0.6977
0.3033 0.6967
0.3043 0.6957
0.30531 0.69469
0.30631 0.69369
0.30731 0.69269
0.30831 0.69169
0.30931 0.69069
0.31031 0.68969
0.31131 0.68869
0.31231 0.68769
0.31331 0.68669
0.31431 0.68569
0.31532 0.68468
0.31632 0.68368
0.31732 0.68268
0.31832 0.68168
0.31932 0.68068
0.32032 0.67968
0.32132 0.67868
0.32232 0.67768
0.32332 0.67668
0.32432 0.67568
0.32533 0.67467
0.32633 0.67367
0.32733 0.67267
0.32833 0.67167
0.32933 0.67067
0.33033 0.66967
0.33133 0.66867
0.33233 0.66767
0.33333 0.66667
0.33433 0.66567
0.33534 0.66466
0.33634 0.66366
0.33734 0.66266
0.33834 0.66166
0.33934 0.66066
0.34034 0.65966
0.34134 0.65866
0.34234 0.65766
0.34334 0.65666
0.34434 0.65566
0.34535 0.65465
0.34635 0.65365
0.34735 0.65265
0.34835 0.65165
0.34935 0.65065
0.35035 0.64965
0.35135 0.64865
0.35235 0.64765
0.35335 0.64665
0.35435 0.64565
0.35536 0.64464
0.35636 0.64364
0.35736 0.64264
0.35836 0.64164
0.35936 0.64064
0.36036 0.63964
0.36136 0.63864
0.36236 0.63764
0.36336 0.63664
0.36436 0.63564
0.36537 0.63463
0.36637 0.63363
0.36737 0.63263
0.36837 0.63163
0.36937 0.63063
0.37037 0.62963
0.37137 0.62863
0.37237 0.62763
0.37337 0.62663
0.37437 0.62563
0.37538 0.62462
0.37638 0.62362
0.37738 0.62262
0.37838 0.62162
0.37938 0.62062
0.38038 0.61962
0.38138 0.61862
0.38238 0.61762
0.38338 0.61662
0.38438 0.61562
0.38539 0.61461
0.38639 0.61361
0.38739 0.61261
0.38839 0.61161
0.38939 0.61061
0.39039 0.60961
0.39139 0.60861
0.39239 0.60761
0.39339 0.60661
0.39439 0.60561
0.3954 0.6046
0.3964 0.6036
0.3974 0.6026
0.3984 0.6016
0.3994 0.6006
0.4004 0.5996
0.4014 0.5986
0.4024 0.5976
0.4034 0.5966
0.4044 0.5956
0.40541 0.59459
0.40641 0.59359
0.40741 0.59259
0.40841 0.59159
0.40941 0.59059
0.41041 0.58959
0.41141 0.58859
0.41241 0.58759
0.41341 0.58659
0.41441 0.58559
0.41542 0.58458
0.41642 0.58358
0.41742 0.58258
0.41842 0.58158
0.41942 0.58058
0.42042 0.57958
0.42142 0.57858
0.42242 0.57758
0.42342 0.57658
0.42442 0.57558
0.42543 0.57457
0.42643 0.57357
0.42743 0.57257
0.42843 0.57157
0.42943 0.57057
0.43043 0.56957
0.43143 0.56857
0.43243 0.56757
0.43343 0.56657
0.43443 0.56557
0.43544 0.56456
0.43644 0.56356
0.43744 0.56256
0.43844 0.56156
0.43944 0.56056
0.44044 0.55956
0.44144 0.55856
0.44244 0.55756
0.44344 0.55656
0.44444 0.55556
0.44545 0.55455
0.44645 0.55355
0.44745 0.55255
0.44845 0.55155
0.44945 0.55055
0.45045 0.54955
0.45145 0.54855
0.45245 0.54755
0.45345 0.54655
0.45445 0.54555
0.45546 0.54454
0.45646 0.54354
0.45746 0.54254
0.45846 0.54154
0.45946 0.54054
0.46046 0.53954
0.46146 0.53854
0.46246 0.53754
0.46346 0.53654
0.46446 0.53554
0.46547 0.53453
0.46647 0.53353
0.46747 0.53253
0.46847 0.53153
0.46947 0.53053
0.47047 0.52953
0.47147 0.52853
0.47247 0.52753
0.47347 0.52653
0.47447 0.52553
0.47548 0.52452
0.47648 0.52352
0.47748 0.52252
0.47848 0.52152
0.47948 0.52052
0.48048 0.51952
0.48148 0.51852
0.48248 0.51752
0.48348 0.51652
0.48448 0.51552
0.48549 0.51451
0.48649 0.51351
0.48749 0.51251
0.48849 0.51151
0.48949 0.51051
0.49049 0.50951
0.49149 0.50851
0.49249 0.50751
0.49349 0.50651
0.49449 0.50551
0.4955 0.5045
0.4965 0.5035
0.4975 0.5025
0.4985 0.5015
0.4995 0.5005
0.5005 0.4995
0.5015 0.4985
0.5025 0.4975
0.5035 0.4965
0.5045 0.4955
0.50551 0.49449
0.50651 0.49349
0.50751 0.49249
0.50851 0.49149
0.50951 0.49049
0.51051 0.48949
0.51151 0.48849
0.51251 0.48749
0.51351 0.48649
0.51451 0.48549
0.51552 0.48448
0.51652 0.48348
0.51752 0.48248
0.51852 0.48148
0.51952 0.48048
0.52052 0.47948
0.52152 0.47848
0.52252 0.47748
0.52352 0.47648
0.52452 0.47548
0.52553 0.47447
0.52653 0.47347
0.52753 0.47247
0.52853 0.47147
0.52953 0.47047
0.53053 0.46947
0.53153 0.46847
0.53253 0.46747
0.53353 0.46647
0.53453 0.46547
0.53554 0.46446
0.53654 0.46346
0.53754 0.46246
0.53854 0.46146
0.53954 0.46046
0.54054 0.45946
0.54154 0.45846
0.54254 0.45746
0.54354 0.45646
0.54454 0.45546
0.54555 0.45445
0.54655 0.45345
0.54755 0.45245
0.54855 0.45145
0.54955 0.45045
0.55055 0.44945
0.55155 0.44845
0.55255 0.44745
0.55355 0.44645
0.55455 0.44545
0.55556 0.44444
0.55656 0.44344
0.55756 0.44244
0.55856 0.44144
0.55956 0.44044
0.56056 0.43944
0.56156 0.43844
0.56256 0.43744
0.56356 0.43644
0.56456 0.43544
0.56557 0.43443
0.56657 0.43343
0.56757 0.43243
0.56857 0.43143
0.56957 0.43043
0.57057 0.42943
0.57157 0.42843
0.57257 0.42743
0.57357 0.42643
0.57457 0.42543
0.57558 0.42442
0.57658 0.42342
0.57758 0.42242
0.57858 0.42142
0.57958 0.42042
0.58058 0.41942
0.58158 0.41842
0.58258 0.41742
0.58358 0.41642
0.58458 0.41542
0.58559 0.41441
0.58659 0.41341
0.58759 0.41241
0.58859 0.41141
0.58959 0.41041
0.59059 0.40941
0.59159 0.40841
0.59259 0.40741
0.59359 0.40641
0.59459 0.40541
0.5956 0.4044
0.5966 0.4034
0.5976 0.4024
0.5986 0.4014
0.5996 0.4004
0.6006 0.3994
0.6016 0.3984
0.6026 0.3974
0.6036 0.3964
0.6046 0.3954
0.60561 0.39439
0.60661 0.39339
0.60761 0.39239
0.60861 0.39139
0.60961 0.39039
0.61061 0.38939
0.61161 0.38839
0.61261 0.38739
0.61361 0.38639
0.61461 0.38539
0.61562 0.38438
0.61662 0.38338
0.61762 0.38238
0.61862 0.38138
0.61962 0.38038
0.62062 0.37938
0.62162 0.37838
0.62262 0.37738
0.62362 0.37638
0.62462 0.37538
0.62563 0.37437
0.62663 0.37337
0.62763 0.37237
0.62863 0.37137
0.62963 0.37037
0.63063 0.36937
0.63163 0.36837
0.63263 0.36737
0.63363 0.36637
0.63463 0.36537
0.63564 0.36436
0.63664 0.36336
0.63764 0.36236
0.63864 0.36136
0.63964 0.36036
0.64064 0.35936
0.64164 0.35836
0.64264 0.35736
0.64364 0.35636
0.64464 0.35536
0.64565 0.35435
0.64665 0.35335
0.64765 0.35235
0.64865 0.35135
0.64965 0.35035
0.65065 0.34935
0.65165 0.34835
0.65265 0.34735
0.65365 0.34635
0.65465 0.34535
0.65566 0.34434
0.65666 0.34334
0.65766 0.34234
0.65866 0.34134
0.65966 0.34034
0.66066 0.33934
0.66166 0.33834
0.66266 0.33734
0.66366 0.33634
0.66466 0.33534
0.66567 0.33433
0.66667 0.33333
0.66767 0.33233
0.66867 0.33133
0.66967 0.33033
0.67067 0.32933
0.67167 0.32833
0.67267 0.32733
0.67367 0.32633
0.67467 0.32533
0.67568 0.32432
0.67668 0.32332
0.67768 0.32232
0.67868 0.32132
0.67968 0.32032
0.68068 0.31932
0.68168 0.31832
0.68268 0.31732
0.68368 0.31632
0.68468 0.31532
0.68569 0.31431
0.68669 0.31331
0.68769 0.31231
0.68869 0.31131
0.68969 0.31031
0.69069 0.30931
0.69169 0.30831
0.69269 0.30731
0.69369 0.30631
0.69469 0.30531
0.6957 0.3043
0.6967 0.3033
0.6977 0.3023
0.6987 0.3013
0.6997 0.3003
0.7007 0.2993
0.7017 0.2983
0.7027 0.2973
0.7037 0.2963
0.7047 0.2953
0.70571 0.29429
0.70671 0.29329
0.70771 0.29229
0.70871 0.29129
0.70971 0.29029
0.71071 0.28929
0.71171 0.28829
0.71271 0.28729
0.71371 0.28629
0.71471 0.28529
0.71572 0.28428
0.71672 0.28328
0.71772 0.28228
0.71872 0.28128
0.71972 0.28028
0.72072 0.27928
0.72172 0.27828
0.72272 0.27728
0.72372 0.27628
0.72472 0.27528
0.72573 0.27427
0.72673 0.27327
0.72773 0.27227
0.72873 0.27127
0.72973 0.27027
0.73073 0.26927
0.73173 0.26827
0.73273 0.26727
0.73373 0.26627
0.73473 0.26527
0.73574 0.26426
0.73674 0.26326
0.73774 0.26226
0.73874 0.26126
0.73974 0.26026
0.74074 0.25926
0.74174 0.25826
0.74274 0.25726
0.74374 0.25626
0.74474 0.25526
0.74575 0.25425
0.74675 0.25325
0.74775 0.25225
0.74875 0.25125
0.74975 0.25025
0.75075 0.24925
0.75175 0.24825
0.75275 0.24725
0.75375 0.24625
0.75475 0.24525
0.75576 0.24424
0.75676 0.24324
0.75776 0.24224
0.75876 0.24124
0.75976 0.24024
0.76076 0.23924
0.76176 0.23824
0.76276 0.23724
0.76376 0.23624
0.76476 0.23524
0.76577 0.23423
0.76677 0.23323
0.76777 0.23223
0.76877 0.23123
0.76977 0.23023
0.77077 0.22923
0.77177 0.22823
0.77277 0.22723
0.77377 0.22623
0.77477 0.22523
0.77578 0.22422
0.77678 0.22322
0.77778 0.22222
0.77878 0.22122
0.77978 0.22022
0.78078 0.21922
0.78178 0.21822
0.78278 0.21722
0.78378 0.21622
0.78478 0.21522
0.78579 0.21421
0.78679 0.21321
0.78779 0.21221
0.78879 0.21121
0.78979 0.21021
0.79079 0.20921
0.79179 0.20821
0.79279 0.20721
0.79379 0.20621
0.79479 0.20521
0.7958 0.2042
0.7968 0.2032
0.7978 0.2022
0.7988 0.2012
0.7998 0.2002
0.8008 0.1992
0.8018 0.1982
0.8028 0.1972
0.8038 0.1962
0.8048 0.1952
0.80581 0.19419
0.80681 0.19319
0.80781 0.19219
0.80881 0.19119
0.80981 0.19019
0.81081 0.18919
0.81181 0.18819
0.81281 0.18719
0.81381 0.18619
0.81481 0.18519
0.81582 0.18418
0.81682 0.18318
0.81782 0.18218
0.81882 0.18118
0.81982 0.18018
0.82082 0.17918
0.82182 0.17818
0.82282 0.17718
0.82382 0.17618
0.82482 0.17518
0.82583 0.17417
0.82683 0.17317
0.82783 0.17217
0.82883 0.17117
0.82983 0.17017
0.83083 0.16917
0.83183 0.16817
0.83283 0.16717
0.83383 0.16617
0.83483 0.16517
0.83584 0.16416
0.83684 0.16316
0.83784 0.16216
0.83884 0.16116
0.83984 0.16016
0.84084 0.15916
0.84184 0.15816
0.84284 0.15716
0.84384 0.15616
0.84484 0.15516
0.84585 0.15415
0.84685 0.15315
0.84785 0.15215
0.84885 0.15115
0.84985 0.15015
0.85085 0.14915
0.85185 0.14815
0.85285 0.14715
0.85385 0.14615
0.85485 0.14515
0.85586 0.14414
0.85686 0.14314
0.85786 0.14214
0.85886 0.14114
0.85986 0.14014
0.86086 0.13914
0.86186 0.13814
0.86286 0.13714
0.86386 0.13614
0.86486 0.13514
0.86587 0.13413
0.86687 0.13313
0.86787 0.13213
0.86887 0.13113
0.86987 0.13013
0.87087 0.12913
0.87187 0.12813
0.87287 0.12713
0.87387 0.12613
0.87487 0.12513
0.87588 0.12412
0.87688 0.12312
0.87788 0.12212
0.87888 0.12112
0.87988 0.12012
0.88088 0.11912
0.88188 0.11812
0.88288 0.11712
0.88388 0.11612
0.88488 0.11512
0.88589 0.11411
0.88689 0.11311
0.88789 0.11211
0.88889 0.11111
0.88989 0.11011
0.89089 0.10911
0.89189 0.10811
0.89289 0.10711
0.89389 0.10611
0.89489 0.10511
0.8959 0.1041
0.8969 0.1031
0.8979 0.1021
0.8989 0.1011
0.8999 0.1001
0.9009 0.099099
0.9019 0.098098
0.9029 0.097097
0.9039 0.096096
0.9049 0.095095
0.90591 0.094094
0.90691 0.093093
0.90791 0.092092
0.90891 0.091091
0.90991 0.09009
0.91091 0.089089
0.91191 0.088088
0.91291 0.087087
0.91391 0.086086
0.91491 0.085085
0.91592 0.084084
0.91692 0.083083
0.91792 0.082082
0.91892 0.081081
0.91992 0.08008
0.92092 0.079079
0.92192 0.078078
0.92292 0.077077
0.92392 0.076076
0.92492 0.075075
0.92593 0.074074
0.92693 0.073073
0.92793 0.072072
0.92893 0.071071
0.92993 0.07007
0.93093 0.069069
0.93193 0.068068
0.93293 0.067067
0.93393 0.066066
0.93493 0.065065
0.93594 0.064064
0.93694 0.063063
0.93794 0.062062
0.93894 0.061061
0.93994 0.06006
0.94094 0.059059
0.94194 0.058058
0.94294 0.057057
0.94394 0.056056
0.94494 0.055055
0.94595 0.054054
0.94695 0.053053
0.94795 0.052052
0.94895 0.051051
0.94995 0.05005
0.95095 0.049049
0.95195 0.048048
0.95295 0.047047
0.95395 0.046046
0.95495 0.045045
0.95596 0.044044
0.95696 0.043043
0.95796 0.042042
0.95896 0.041041
0.95996 0.04004
0.96096 0.039039
0.96196 0.038038
0.96296 0.037037
0.96396 0.036036
0.96496 0.035035
0.96597 0.034034
0.96697 0.033033
0.96797 0.032032
0.96897 0.031031
0.96997 0.03003
0.97097 0.029029
0.97197 0.028028
0.97297 0.027027
0.97397 0.026026
0.97497 0.025025
0.97598 0.024024
0.97698 0.023023
0.97798 0.022022
0.97898 0.021021
0.97998 0.02002
0.98098 0.019019
0.98198 0.018018
0.98298 0.017017
0.98398 0.016016
0.98498 0.015015
0.98599 0.014014
0.98699 0.013013
0.98799 0.012012
0.98899 0.011011
0.98999 0.01001
0.99099 0.009009
0.99199 0.008008
0.99299 0.007007
0.99399 0.006006
0.99499 0.005005
0.996 0.004004
0.997 0.003003
0.998 0.002002
0.999 0.001001
1 0
