-0.24821841094105634 -0.7668658522138393 0.27648923467542547 -0.4447647054039868 0.2757579466012563
-0.028109804338507682 0.0806955876598089 0.8164412835938009 0.030532722916300492 -0.5702538419925953
0.5137245121300283 0.38632867757388994 0.37737489029633214 -0.3775711987442171 0.5494228431485726
0.8121391011162417 -0.4928221423615782 -0.07775748673758609 0.21830679338958037 -0.209409487971438
0.11880515748407439 0.11524528503471884 -0.3294226752705244 -0.7816867937332921 -0.5030410682568789
-0.5147343462834487 -0.6632632388146251 0.00285337823622743 -0.46291464793266834 0.28431024560381657
-0.46851606756496444 0.6530248851955164 -0.365498581802675 -0.4634006681988905 -0.0756425882813189
-0.23748676574638922 -0.026390936159077477 0.6040542311537467 -0.15191815913074452 -0.7449449062417651
-0.24330459726079928 -0.31330477594335215 -0.6460125875287329 0.39830430585737997 -0.5163955915891953
-0.6324113821213958 0.18650472168889737 0.29015317939418966 0.6238945442172128 0.3030487794637718
-0.21200258247859854 0.211689103413029 0.33747797592878365 0.7651837179097833 -0.4591787474691804
0.2658426644745822 0.7168091915818553 -0.4292878854665364 0.2933318494413384 0.3810257184283189
0.023304880589132437 0.006533876815255801 -0.6897494720124623 -0.1194375939174448 -0.7137187947730044
-0.08139793437757378 -0.6301062159223191 -0.4412699660405896 0.542735265155659 0.3271999113112243
0.9365969472442511 -0.21046560638207337 0.17705086863313466 0.14008353602302154 -0.16589146992692239
0.3824179813909034 -0.570137665055177 0.1635238876248064 0.3679918267793532 -0.6054266958055308
0.7632753928985193 0.16362373953567597 -0.5969912479082442 -0.17486807764537188 0.060502494143149094
-0.37617078249320024 -0.10325280090479583 -0.40174177592277266 -0.5738021576961847 -0.5976529350763585
-0.20329634672352304 0.5620220849721357 -0.3288293158944704 0.6367629910804146 -0.35945228558341563
0.29720918544325 0.5671334497758718 0.5893523687776422 -0.3150986319515413 -0.3786858695435146
0.16578726978851788 -0.5435224140190921 -0.5886760780228713 0.0160748054724591 -0.5747173587317167
-0.598928788081777 -0.6281527325172305 0.47495392939103687 -0.1280461683296016 -0.06878513771268038
0.22825856594401908 0.2921402616222385 0.4664671014542303 -0.3949264759058392 -0.699280785165697
-0.4603993840401447 0.3329445457985016 -0.009674833053623363 0.7088062390222556 -0.4179479031254905
-0.5913791695956144 0.3373566763120527 -0.4584692803077405 -0.5700636574601559 -0.03597910745611656
0.5272728693528659 0.7035316067482301 0.2363393727035477 0.40645869538317336 -0.07721158856125153
0.4382478321856126 -0.4956842712492183 0.3277639819427434 -0.029111537401133772 -0.673764967441852
0.31134279888640304 -0.5091960637427447 0.00558379246588564 0.5796159979371445 0.5547964910194576
0.01463119171678573 -0.0023324451811936875 -0.8264320334699256 0.38817126784889033 -0.4075704218902214
-0.6578554162120547 -0.007369525816233319 0.3920374833706495 0.5893320024311108 -0.25722819439682654
0.6081343459621142 -0.5313577734544463 0.5821470434755671 -0.053036431394485634 -0.07825273521327458
0.10266110333934331 0.5593011291205046 0.3315875696213816 -0.7524312080919214 -0.02323586855691681
0.1263703731464326 -0.40962905914451114 -0.47621782399174917 -0.5147016110390732 0.5696783288853103
0.63210239288827 0.17851578081213132 -0.5657260812012344 -0.014981797157860504 -0.49830535588991537
-0.45178579970837335 -0.45296502454326365 -0.06576540584911567 -0.40729867589027713 -0.6484558410053162
0.06418696229350221 0.9101328432862762 0.19908035880458136 -0.30875636856812927 -0.18048478343071497
0.7451322700148895 -0.08619291853134972 -0.4191120311299064 -0.07347079168065034 -0.506256683026989
-0.5200695886632708 -0.20057514490431644 0.11876844581821244 -0.150586454010392 -0.8077840121844029
0.39317439191175435 -0.3059321994166391 0.8163828397196027 -0.2921151354090505 -0.002682085239048282
-0.12489777638705066 -0.1743676832827612 -0.32268441454412844 -0.889530221618112 0.24208926022960497
-0.2626144364209773 -0.79875764214518 -0.3133191418000571 -0.3439022230528288 0.27673500548170726
0.3445059986671927 0.09466832131383415 -0.2498917159034531 -0.7051972026268947 -0.5591105092483698
0.6894017470124597 -0.37297982528679696 -0.3179368458168894 0.5135920938708273 -0.14405070055568875
0.33046134531383975 0.3941635428240382 -0.41334665384899927 -0.2109447527532888 0.7211638203622438
0.47735710441466095 -0.24196133883684323 0.7532900845811986 -0.2759594875806189 0.2645473777209326
0.30147470787708974 -0.2847458784995759 -0.4319519352815259 0.7487364382704208 -0.2843308931519638
-0.6420952633095477 0.6303065833362971 -0.11624004262904558 0.4194833911922382 -0.030809427807390433
-0.3574855873246344 -0.48280806663508163 -0.05649720827070892 0.2189233474170355 0.7667992299556639
-0.03322864297357857 0.09188061083690319 -0.8925382828305437 -0.4289687976663244 0.09907065634679124
-0.6065695223856516 -0.5292331431654295 -0.00944760475784081 -0.17744229795742772 -0.5660482915335147