-0.42341243424755526 -0.16262842900851668 0.8165273226157173 0.19315485258293952 0.3004134466838243
-0.5724506761109472 -0.3916727290546759 -0.4250487734129169 0.5416258198444238 -0.2118199901638466
0.4628517370534104 -0.804840025090279 -0.056794552128749246 0.006161625930426434 0.36706568449489796
-0.5213119260522636 -0.20998498448236208 -0.19303450533767166 -0.7838360655570167 0.1802189893678146
-0.08381097307034954 0.35816659210164414 -0.3348562829628851 0.23429838006163684 0.835265198578313
-0.4893421726291372 -0.3774129473572163 0.7190282363345408 -0.05590925664119066 -0.31301159024739594
-0.11593380727857563 -0.4458505057986011 -0.4895441310680403 -0.6838966533632626 -0.2835640845812357
-0.47652025697159534 -0.32413416728144345 -0.14028283134360917 0.0596053073770648 0.8028906655698483
-0.6621271045249819 0.29561829350638236 -0.4298317114863345 0.38360576335543484 -0.37721192997963554
-0.28569167395214445 0.6828789495887321 0.1972571066436552 -0.6151856209253743 0.18626028381876358
-0.5957729251760405 -0.525355431719806 -0.5556096665308544 -0.11929545369998984 -0.21476215954787445
-0.24930356376215523 0.7882202385504452 -0.5399314802670002 0.0038220350482551513 0.15816439959657203
0.474711801138297 0.10786253606452786 -0.2494862900157634 -0.5540030695639042 -0.6275759469432409
-0.4501044535138111 0.13770059752351047 0.4502178091864966 -0.7419035307116388 0.15914647899848777
0.393645832582716 -0.2685418862251698 -0.36719533011687516 -0.35834862467432427 0.7139202102246915
0.5141718310261141 0.4034538494157008 -0.3352306296199069 -0.38388961322156834 0.5595547420906575
-0.09725646514819494 0.10800427487824604 -0.8423727655758575 0.49586475884768694 -0.1529788264561754
-0.2801344337622234 0.356448749398764 -0.20344906367679422 -0.6541297562641291 -0.5702558448027012
-0.7362765885369147 -0.2235523500120109 -0.18632381707973728 -0.23876508183781722 0.5623129047606561
-0.3249461376279035 0.8053127987656982 0.3192498433180421 0.3490736361547966 0.14868906438585144
0.8493533687443079 0.003981440123548063 0.3370925806727971 -0.3478391782109135 0.20966521240813518
-0.10924410484257813 0.03817507039102025 0.797308464334278 0.5797328484384975 0.12172685283077572
-0.01837815214262464 0.9505617848475609 0.08127126144892663 -0.1203222818164702 -0.2738833095904528
-0.514775437737403 -0.056948385504171584 0.40422593069792884 -0.7051729152097986 0.26663774432109405
0.036511269300409974 -0.3028464738296796 0.2840144076806007 -0.1765543505437756 -0.8916923898054225
0.560205385408502 -0.5555195915910872 -0.04675000398879434 0.5450451235950864 0.27983595174681875
0.668135505441716 0.6061549122679427 0.4304355362225855 -0.029562720106238755 -0.004739560979731439
0.12260662381303253 -0.4657948586225552 0.44473637023805745 -0.1869985248731445 -0.7316036346005315
0.3206940653741199 -0.2864172136979468 -0.1466264188535965 -0.8167490561673134 0.3557276608239752
0.3491243399685051 0.15803333531319416 -0.7702272006138643 -0.002095177846315577 -0.5097875340135988
-0.3531723230228903 0.47004816476883926 0.30733313750484625 -0.45241937171354274 -0.5959757442529134
-0.6004859140691086 -0.4941009612062461 0.5843457169638994 0.055681912904029685 0.2252121550470692
-0.6594483066600474 -0.05555038114163996 -0.6726450029582981 0.26372640215612164 -0.20009790303557123
-0.10515018304808454 0.6153656584786008 0.28481328969838293 0.7107214994069113 0.1549996311677184
-0.26221622204462014 0.39135434640837474 -0.17468976977427755 -0.46641137610509753 0.7280304533602144
0.554519074450702 -0.21467917299296366 0.04660123522120979 0.7830509352628117 0.17629806128624378
0.44599135921100885 0.843040724067275 -0.29102987324037466 -0.07221565773544258 0.02146058556447015
0.5839008639018188 -0.16295391426642739 0.5670721389064453 -0.5305507144827979 0.17161273728316934
0.16156275326126024 0.022262516870495404 0.21806422384627389 0.09430650863259253 -0.9575782651089598
-0.3557492958149093 0.46491460765932213 0.7375683841596928 0.30205687105774953 0.14849704187974472
0.15517099550797364 0.745772199092895 -0.20265800226806518 -0.5048024427834107 -0.3519233113759736
0.40795679457712525 -0.4201957655396248 0.0024263506966237802 -0.7348336017240108 0.34208253825727647
0.7693527876282693 -0.14027116432817868 -0.4140704410737053 0.3816545632025049 -0.26703137052107057
0.46283322524234694 0.3040771560373393 0.8018227385725771 0.15934351650562967 0.1581531803145383
0.05809397293867889 0.3938533093893925 -0.3801970708409156 0.1847796246114409 0.81413226114905
0.4159506602242451 0.25418954159131985 -0.6833710586927235 -0.48416099529959217 -0.2469106153576714
0.4611552892177756 0.20289573313754278 0.3913549533699042 -0.3886918600890538 0.6647774507866527
0.03055562818202845 0.8960012923936317 0.20101850279893194 0.3262676757220923 -0.22223636724605308
0.7128539158835362 -0.29962551780236435 0.3491840994808833 0.21001987799795208 -0.4858250294155534
0.32438633707570724 -0.0403389579783657 -0.46637680347142796 0.6811371544378186 0.4600990402249818