-0.08211562139304843 -0.8131953154422082 -0.11750997307371663 -0.5104036935756743 0.24010389309339614
0.0887042889393415 -0.5449390196611422 -0.07318641007184552 0.6012543447029499 -0.5729833996994502
-0.23579083173707382 0.19169036384659413 -0.3841953972854913 -0.5112249649589815 -0.70618724144835
-0.8987843917777242 -0.04945185429541095 0.419360947393953 0.11515453923899592 -0.024838661336605644
-0.34925331009523874 0.05063755828142125 -0.8107807645193019 0.3215116636383188 0.33870749195852007
0.05328415394642816 -0.34265771762095626 0.2804139846216312 0.1358884681089204 -0.884674408444507
-0.5208565065668251 -0.6276694488460637 0.3956436967447593 -0.30673538371276216 0.29003281220753085
-0.8255862258978179 0.20454509571092733 -0.40574093922758236 0.25324092784478236 -0.21865957588781515
-0.095397957095746 0.3666106401426724 -0.01502362417985209 -0.879519727317114 -0.2876025178830483
-0.18755242439107955 0.5589049059498968 0.7745854655271955 0.22307355364977396 0.0520090421584988
0.34778317781303725 -0.6330499208852258 -0.6864089571718006 0.05824380894682182 0.0611969045881236
0.27389462941606413 0.6206407836013721 -0.35620381480347857 0.5288433661431824 0.3650072411795543
0.7591629568077973 -0.018785194106587463 0.4048693257730833 -0.3522973000981977 0.3678126736326255
-0.001311519448706805 -0.4424848649165889 0.48394810177504194 0.7388774145110453 0.1551122991587034
0.477177616967601 0.13381732399063656 0.06194069478264237 0.21651589196801366 -0.8388555683311874
0.23139127915037205 -0.6928053282195819 -0.01867935903023938 -0.6750723799933531 -0.10201576564453663
-0.2651162268721418 -0.4116577554982342 0.47847647341684196 0.21301598361864127 0.6970909077708592
0.9027121306870541 0.08868689099700683 -0.055913646850964956 0.16182595713708947 0.38461860091292394
-0.21707133733171485 0.3780922161861345 -0.4132987552544218 -0.5400673835003578 0.5894384367791932
0.11900548643526174 0.44692234331420017 0.7725083487793337 -0.42548919301062643 -0.09103796429097624
0.4343490079123045 0.3941280576419631 -0.7724833482836515 0.1541521314643316 -0.1884425920391988
0.444676163877324 0.16682336637594428 0.3947693748605935 -0.4711093819789087 -0.6297985111080953
-0.27732587708632783 -0.07880561044731518 -0.40631907156797864 -0.8511496065247325 0.16531543501214463
0.721353972736232 -0.502810908821639 0.01478792335038382 -0.10537570841219973 0.46422722172145686
0.12783916661531475 0.7468627078267827 0.28655321791907007 -0.1368699308317024 0.5700939558275439
-0.330723291203163 -0.24024764857410322 -0.45349646531371157 0.711540717229078 -0.3477843235159703
0.42475333949622096 -0.10390471478386992 0.5592945793598922 0.6505961442989443 0.26963427333052287
-0.7032368399850644 -0.3697080328697367 0.5980053128997944 -0.09407117271457274 -0.04810589908872633
-0.009085097458058577 -0.6122772515778498 -0.34610233036040794 -0.08670982400306249 0.7054988387977014
-0.4643082092043545 0.6480103511767084 -0.06429115109659234 0.23252201107409054 0.5534443367584678
0.3851326347592548 0.9073464212102795 0.008591745335365164 -0.1595666238522533 0.05347896806014035
0.0706993119603009 0.047592731876372696 0.8698358061505433 0.4858787118612276 -0.006639793625684483
0.6289020007685873 -0.23670418595969533 -0.2352868588780772 0.3611232335895474 0.6022321030794889
-0.5137972450323756 0.3365855297296969 -0.362322461550099 0.6919692898547328 0.1123543854414859
-0.43263047206379623 0.07168481927981582 0.2380638152808844 -0.3594841887652818 0.7885359213176995
0.04994971874845709 -0.09980005871604786 0.9216910236182717 0.3492162444088576 0.12680159896349952
-0.9576113031850909 0.084723658697331 -0.03392877902953273 0.26870361347660643 -0.04949444137748869
0.1357777833483343 -0.4691419601961034 -0.14286449342118065 0.48244692978240233 -0.7129550555227264
0.20968999245498243 0.1644427572375621 -0.3452451374957346 0.744864061910421 0.5049475328845532
-0.13446233012388226 -0.8577448634137523 -0.09864089664094519 -0.13516239108357658 0.46711319036334176
-0.2532875998237576 -0.8561998145429772 0.35532053508964545 0.24229993210201592 0.1334366126633078
0.23034963609548798 -0.4830508927197381 -0.7031221076330927 -0.20257364592110844 -0.42211858515015294
-0.1710382115018793 -0.011265567071914622 -0.5711753605745085 0.18940820916768777 0.7800655453083776
-0.3204504600611068 0.17271777529668403 -0.20693369516561988 0.8075442681241696 -0.41536823851624904
-0.8665113212065145 0.060211043126223475 -0.1015074991263612 -0.4607075495379658 -0.15158344872190865
0.3382043955341475 0.26902013202706465 -0.25777827995563096 0.7517255306794121 -0.42626874189106945
-0.42391112934077824 -0.43940738451612077 -0.1463080930869584 -0.13670163303799437 -0.7662422007927588
0.7752121177395228 -0.6007881831929494 0.10776830269251003 -0.1419490851279384 -0.07960013575137082
0.03847478979169971 0.2552115691144955 0.9037014470220075 0.007576196264501095 -0.3415450796616656
-0.3216877435071106 -0.555400695824803 0.2895755305019394 0.6292967889088623 0.3289051935712531