0.1313842213203912 0.24101508493337453 0.6327148636333949 0.46567692835365265 -0.5544969025694144
0.4601875833776057 -0.5469282030407204 0.571648619995246 -0.2879837469932128 0.2817448234644387
0.4979312181769553 -0.1736489000882079 -0.3342539458814557 0.7311012669748939 0.27509234550119877
-0.12690380033821336 -0.7222028472909361 -0.26674436899931253 0.02803719384309583 -0.6248038333694405
-0.711987009655124 -0.3017455491241377 0.3000191624958999 0.406097541307462 0.38353280269804785
0.6888784213952944 -0.01922756933822646 -0.6053479789026931 -0.37990182343978074 -0.119604557182514
-0.13949356860430095 0.08483424834597861 0.33116628345285337 -0.8794785990210219 0.30031813330808893
0.4923472429922864 -0.46127591329903245 0.3167344966500781 0.21247228602677412 0.6319442304748232
-0.17268423922427012 0.5257698804817091 -0.44209644498320677 0.14736911281749246 0.6903472055584635
-0.4834898248106098 -0.7093828412594356 -0.4776114624959096 -0.12381385491572429 0.13989636898334099
-0.009570581033493272 0.4947066141317678 0.2036623613021162 -0.8388196649011432 -0.10038417343856083
-0.572692136367051 -0.4085442030261968 -0.525532231852339 -0.39442230284664226 0.2708547053652275
-0.2128015886869563 0.7579430014677382 -0.41641305870107675 0.3083227090720709 0.33432792583339305
-0.2949305230850115 0.10686835777634943 -0.2990119960677212 0.10096538824459848 -0.8955405949722207
0.7346179900649954 -0.049583875808922984 -0.6477109746051524 -0.18856222908992445 -0.052845312652254395
-0.37441386630949774 0.15038311570080892 -0.4595615221569376 0.7536064062294673 0.2409974420403605
-0.27423933006983714 0.41609986004822064 -0.541192722076387 -0.3673296006638582 -0.5690633517969497
0.24189159283607758 0.5434771233176489 -0.2088894639910335 -0.33896068776880595 0.6982778227370785
-0.4042886637575128 -0.6483527459828289 -0.37189212434600083 -0.40584998024178986 0.33640962310975675
-0.7500974471563089 0.2975183325223295 0.5603347968913845 -0.13243033886188704 0.13161984016225248
0.7887605433664684 0.2959383404663939 0.23343560463617205 -0.4072904968411814 0.26438527481917135
0.2114815408970921 -0.36131331856509297 0.45484856501365317 -0.09849646707731444 -0.7798329773519277
-0.2735147324887784 -0.2826276100226439 0.7697782206601598 0.03183800680396423 0.5017361432909317
0.2963058096921334 0.2996493455113743 0.20976158948504442 0.8810026872872588 -0.04740756739851759
-0.4129466325595916 0.7824353572385199 0.3194717013557716 -0.21733270225976167 -0.2607188504157606
0.33996602720344504 0.5722824988989346 -0.6386688694628828 -0.3694826644636745 -0.111805534931208
-0.1382805480362258 -0.744740899758346 -0.6121571441091392 -0.18129102925329219 -0.13651621108991108
0.0374167780034739 -0.1203768306924487 0.18463668452453652 -0.6819138516615321 0.6964281707373867
-0.4875542222470076 0.11176638165573995 0.27498994526383425 -0.5728161095709505 -0.5882698283275407
0.7913232307187297 -0.3014488816449887 0.328109022775561 -0.19362677217140778 -0.3711997555915735
-0.4927282764980274 0.5905533992339902 0.35742705906912475 -0.22974779864242598 0.4774174008733011
-0.06048211562090716 0.5669687849216072 -0.0034245011991069496 0.7048384652493342 -0.42199445649324857
0.03590103664044181 0.01479163740024017 -0.6241174407008284 0.3921025742771571 0.6747038717018291
0.8544465929665234 0.2941024269896585 0.33793554649093144 -0.004108024983642579 0.2630731319525085
0.14897279807181257 0.493029461066483 -0.607051197896567 -0.5446626316352929 -0.2637432781846944
0.7411507736296651 0.06565192652553353 -0.2294164528219293 -0.6240363449529034 -0.06581858889447285
0.4779887579644945 0.3132643969524146 0.09580042198533428 0.49733262663603617 0.6456583481163468
0.18217551083364328 0.49398703947209266 -0.27527605140562905 0.4405203365555581 -0.6730184371097154
-0.2168999988127374 0.7314246428434447 0.525811360061922 -0.3757680395835542 0.017122395093496223
0.37681394848816907 -0.3443109623878719 0.7654644860961171 0.16726957933118577 -0.3543250171244885
0.39963776519617955 -0.6847478858805983 0.4512391310415733 -0.11036105131557256 0.394478991050755
-0.15424754413912029 -0.2354555409631242 -0.7251611262572935 0.1328350949764352 0.6142186596519746
0.8966240763804451 0.18169697765791165 -0.3659027105187496 0.0750553301779369 -0.15340592495665475
0.09199212721809732 0.5205530239068632 0.3683148041006522 0.5411099748882298 0.5404684986084466
-0.06403175728383614 -0.41435706657810834 -0.031368759896271595 0.8195986629951657 -0.38920712731787876
-0.01472177872719413 0.8013345006333775 -0.32369341841051313 -0.224961418096839 -0.4497346090433083
0.13950882305156992 0.08452879321706419 0.515179839069109 -0.8206576649114228 0.18574956755505845
-0.5683461003936523 0.12084647692664213 0.6744672740803526 0.2535968501286481 -0.37836671759180274
0.7257809900751573 0.33143867981749003 0.4181224452340308 0.4313401526100859 0.050096402108197324
-0.36131042350688775 0.47567050754401363 -0.008934275604494613 0.15983637802805387 0.7858529487737448