-0.24405012147891877 -0.6946639125853272 -0.5281992199239129 0.1771228379343345 -0.3840763870789671
-0.08797527521358567 0.7029669435873078 -0.47871010830344335 0.3151369782801402 -0.41185330434898787
0.9130799696444794 -0.07825545055199297 -0.3863374044055456 -0.09139763127155151 0.05050679605832885
0.12253937128585443 0.01259196093244036 0.31197649768254854 -0.5341396425193196 -0.7760096985139957
0.2897739820552042 -0.13037274160631498 0.4952335722977572 0.7587209635233608 -0.27949990330826174
0.38755613392202526 0.3655604299317521 0.27437070708718336 0.2919671588697107 0.745413783318737
0.9015545230497968 -0.057032340626033434 -0.15768455811431425 0.0368179232174402 -0.39714830322364153
-0.1578463324436808 0.3777595110170751 0.37867671219698495 0.6613418034038727 -0.5016106596558882
-0.017720275613025444 -0.7463325380327595 -0.12784435330319682 0.6287712350732055 0.17600082323325023
-0.10849060878317697 0.4042256531945338 -0.8602999850011284 0.284030582308549 0.06357651473486367
-0.3725770623120745 0.05210939032350154 -0.3580252324950712 0.8526304397654253 0.05753442587950861
0.6078090812848792 0.28276698921178167 0.5614864872285507 0.4849527973440494 -0.012831972866998012
-0.6030952832250636 -0.24815603960015037 0.7380843605249575 0.0503890278631171 0.16549042866922184
0.02280563911554123 -0.43098887218078624 0.06509234793828576 0.12377306979457317 -0.8911631210470813
0.3570860337828232 -0.8185319867412142 -0.08686380457324168 0.1413622672364745 0.41828977995590333
0.33059514482867564 0.012107651185893291 -0.384396306436613 -0.8589724149222036 0.0704707386017289
0.38079306439522653 0.5690580971755232 0.5574842739359147 -0.056667956884376994 0.4660145396059669
0.5522128479137293 -0.1761625001599186 -0.507439893523536 0.4722743127915529 0.42835671125185426
-0.629373992712609 -0.0724513668398867 -0.13694088711568578 -0.12027812671660221 0.7519438425903466
0.2113121866343699 -0.799839896355622 0.5149783605248156 -0.1464420662790511 0.17016259692636576
-0.1580011702302778 0.1564175073559622 -0.03921116008025291 -0.9673908333735532 -0.11483315735620558
-0.11489998548972148 -0.3778105854928455 -0.8653599210381449 -0.043507776912529994 0.3054773890699627
-0.6073868474762668 -0.651051741548997 0.42376775287851737 -0.04232472795497415 0.1607555795693837
0.2018480582648895 -0.4748085622252066 -0.11876169499919673 -0.004223209961356847 -0.8483466360579649
-0.7430829041418359 0.42834703681215014 -0.2364978718873077 0.24587157370080856 -0.38465899114026575
-0.27864444933115706 -0.3890625750030821 0.15998381693079938 -0.858857118117898 0.08807503941172502
0.26292824340844656 0.1743912146131227 -0.8886913928981403 -0.33201675522455343 -0.02118786262987009
-0.2616657439493778 -0.8039637753119404 -0.37041381607173723 0.36892081540551613 -0.10892347429868314
0.771710967883174 -0.33433373922744763 0.21482983751743956 -0.10858536472774537 -0.4845002500950726
-0.4349933679578675 0.2451146992697244 -0.03570059221384007 -0.06508437167131689 -0.8632433297247744
0.4450530208251689 0.4810769251185222 -0.6763171847655609 -0.31508397027730867 -0.11751577782596809
-0.39977342963961104 -0.09173502152538578 -0.490032033017094 0.5482952695087333 -0.5394504563269986
-0.4780202034619553 -0.38305311454039037 -0.21376685466508277 -0.7469107974589392 -0.1455849889543973
0.2942586127443957 0.04504986803617808 0.45262254466478885 -0.18097629027556883 -0.8208305505005252
-0.5718544985539453 0.7819146365013703 0.22781623321402475 -0.09729456359892373 -0.01501550820873071
-0.6661042690495189 -0.5574092598368436 -0.3635642478505481 0.32711837422772205 0.08009136488801957
-0.22170379418070169 0.27696269182744443 0.31682095099877855 0.16087544985430635 0.8648020985312078
0.6842945437154244 -0.3235085237614136 -0.1830537133207 0.5804050616150859 0.23812709838676818
0.16526104147514714 -0.07399058835710759 -0.6476162602483442 -0.6114459050986241 0.4170626638830099
0.10762107605732302 -0.7088400470290304 0.5608297782701511 -0.39544472239049966 0.12270665448580804
-0.25693686004993027 0.6316565592795496 0.22267540176517475 0.2636183129815344 0.644914328865696
-0.16404737027081998 0.009611032308474002 -0.11389839267559049 -0.918867086757352 0.3401566130257766
0.1646170964872119 0.7088434799696731 0.21533888483079244 -0.268323569837641 -0.593358036094582
-0.018454642697965096 0.3086737081920745 -0.9438422954898339 0.11249490428816575 -0.02977559046470621
0.9378872789210442 0.056383348184762705 -0.015287495509299254 -0.03919209503978821 0.3397331927454251
0.24099358860330722 0.7975685657245941 -0.16336928913154172 0.24083311963071524 -0.47023011077312404
0.37792821373531954 0.2327897251191059 0.031126088419444246 0.4182078362109689 0.7919044017387744
-0.5174243108771575 0.5364552324348526 0.45227072538454216 -0.4000164843459808 0.28271163633318874
0.1636618894538079 -0.1450005323830444 0.8595350038568327 0.37626934620877706 -0.2679749760658596
0.7103374014992022 0.029731398367494027 0.17027157746768734 -0.6822827900334127 0.005882543103298776