-0.867465899445508 0.0918139880186245 -0.04156462931843505 0.06899857391677455 0.48227034253661394
-0.3024015451176168 -0.4726907694508654 -0.64268352122576 0.06087761717616977 -0.5180429994298127
-0.0727558377549411 0.3179689145782145 -0.22218538728064158 -0.9153697189099526 -0.0795882454649883
0.07133661533781577 0.7773478399682253 -0.474619374949495 0.38967255401748724 -0.11633216484239503
-0.3816724959888972 0.25051892770557593 0.5573153288184179 0.042269266288950114 -0.6922277848066104
0.3115551022947647 -0.9448990054763402 0.08953994118870229 0.016269951192350647 0.04262833921283614
-0.5832755279972357 -0.2550462693781758 -0.31377163829682825 -0.08330837557220995 -0.6995342253784761
0.6847990888970487 0.15100492062650783 -0.623516434629885 -0.006559899705211039 -0.34558927248201404
0.021375234635482195 -0.007878785794450591 -0.03353378007809211 -0.992156172130187 0.11824821257140221
-0.30547730498957615 -0.13875413005415754 -0.7096708386798478 0.09153196746246539 0.6127153557640869
-0.5125579324961409 0.49890717162030956 -0.37062123529314106 -0.356042937322983 0.47354970876700286
0.5776392557199502 0.6415984836358843 -0.3775947763574016 0.31693983383426744 -0.10796111635281991
0.2247788106258571 -0.366126251661373 -0.17191225967120644 0.39673039624615913 0.7927655528635957
-0.5765326547487305 -0.05570718508975117 -0.3084158038798928 0.7007713384381229 -0.2798321473285707
0.14388134134970426 -0.4497680483045966 -0.771613861791796 -0.35257210954574497 -0.23939886841189983
0.31323448644513135 0.19308283408960858 0.26886881427617393 -0.8866969544925131 0.07798235239339774
0.1015041539629025 0.46269451661852945 0.6124447290825117 0.2720668906270859 -0.5714033180363756
0.6969888743538764 0.49454471661055227 -0.3998117433315699 0.2516322993199079 0.21555460591843334
0.5584191287279417 -0.6142081506954389 0.46656569607857895 0.22330906820910995 0.20824489330666984
0.3065218571772215 -0.3560992479112361 -0.4184352227832362 -0.16297964263295736 -0.7599916296455209
0.739047594714117 0.03266775220938756 -0.583614959529807 -0.06312582754314987 -0.32886194614591363
-0.483486774823253 -0.6277259273332018 -0.45037745624241704 0.1580659419874187 -0.3799684244998799
0.16090424553104235 0.08108141214263645 0.27528886229477356 0.8982693845259427 -0.29131389169566685
0.42525990230678923 -0.7521859556089479 0.24430207722146027 0.05831747993886831 0.4362176867958637
0.1153821068380768 -0.180374806746586 0.5666447416886179 -0.4009257689867117 -0.687258439738496
0.30518613347788653 -0.6572890238799339 -0.125020997597539 0.28340272970453434 -0.6155365187992624
0.38812235600598155 -0.10039328154257188 -0.33887679197486914 0.5708753612456148 0.631305051122665
-0.7368773834973039 -0.6004098514283152 -0.08048385654359679 0.016273904829248897 0.29962850474458225
-0.3700989981331675 0.3124633347616107 0.345300943935172 0.7693051391697411 -0.23308851746704196
0.2761537868148413 -0.3158591503274192 0.8624510867138416 -0.04109717249812464 0.2801093154842182
-0.6238557409166688 0.1148507040730297 -0.00866078423236577 -0.506820593774493 -0.583670460826823
0.25276704178417253 0.19116290923959342 0.7905133195340671 0.2494572547660194 -0.46089622953824
-0.2807664220404722 -0.5345893854718773 0.5798563436455966 -0.30685950208097257 0.4527563052150307
-0.34240494877204913 0.7799812364870844 0.1928482321571089 0.03554697819144001 0.4857304741107201
-0.5923190900384644 -0.23687447640863213 -0.039873080437153985 0.7651650946656847 -0.07733752881911543
0.5019059855663675 0.10908407411336708 0.5113856216358174 -0.6816789296297964 -0.09994813310114886
-0.49066343832428777 -0.23930570625568837 0.5401017676860708 -0.08741845907434131 0.6345315301864103
0.46639819707811103 0.36092676445423977 -0.2865993842122202 0.07601305924133006 0.7511906550648976
-0.5316384189330631 0.7241910802683009 -0.17505060127409705 -0.4003956382766971 -0.04414171062337058
-0.08469406839372597 -0.5254641697477771 -0.5779211940128898 -0.6013128949104722 0.14541051205225952
-0.7603925463638549 0.29990441564900305 -0.10604092043564407 -0.5183642752003327 0.22784713800642536
0.34346549566655177 -0.22040474880758557 -0.31578576913756506 -0.7492404262923812 -0.41517626571012145
-0.11708236220110217 0.4015379692450435 -0.7162858927685971 0.3645902517031878 -0.4231636183554493
-0.4599587317922539 -0.8295594292166075 -0.2256132275282785 0.19108990377629084 -0.11336859655530232
-0.2802932646894941 0.10989768345910558 0.5701472288701619 0.022267888158022428 -0.7640644367516943
-0.19820646986775306 -0.5945046011693227 -0.14278557674212425 -0.08067643075290654 0.7618281086218803
-0.1649967917010719 0.7534211817880977 -0.055277596155175884 0.28761584970927323 0.5651142290906986
-0.6630469006569026 -0.06384284343798954 0.7379164506209603 0.07762861545088118 -0.07580243292390322
-0.1467584811573776 -0.25219799132572474 -0.26771725979205035 0.8983731412993828 -0.19002970604869185
0.6872561456753745 -0.10602389605439418 0.6003027962204771 0.3125186931561736 0.24167445660371145