0 1
0 1
0 1
0 1
0 1
0 1
0 1
0 1
0 1
0 1
0 1
0 1
0 1
0 1
0 1
0 1
0 1
0 1
0 1
0 1
0 1
0 1
0 1
0 1
0 1
0 1
0 1
0 1
0 1
0 1
0 1
0 1
0 1
0 1
0 1
0 1
0 1
0 1
0 1
0 1
0 1
0 1
0 1
0 1
0 1
0 1
0 1
0 1
0 1
0 1
0 1
0 1
0 1
0 1
0 1
0 1
0 1
0 1
0 1
0 1
0 1
0 1
0 1
0 1
0 1
0 1
0 1
0 1
0 1
0 1
0 1
0 1
0 1
0 1
0 1
0 1
0 1
0 1
0 1
0 1
0 1
0 1
0 1
0 1
0 1
0 1
0 1
0 1
0 1
0 1
0 1
0 1
0 1
0 1
0 1
0 1
0 1
0 1
0 1
0 1
0 1
0 1
0 1
0 1
0 1
0 1
0 1
0 1
0 1
0 1
0 1
0 1
0 1
0 1
0 1
0 1
0 1
0 1
0 1
0 1
0 1
0 1
0 1
0 1
0 1
0 1
0 1
0 1
0 1
0 1
0 1
0 1
0 1
0 1
0 1
0 1
0 1
0 1
0 1
0 1
0 1
0 1
0 1
0 1
0 1
0 1
0 1
0 1
0 1
0 1
0 1
0 1
0 1
0 1
0 1
0 1
0 1
0 1
0 1
0 1
0 1
0 1
0 1
0 1
0 1
0 1
0 1
0 1
0 1
0 1
0 1
0 1
0 1
0 1
0 1
0 1
0 1
0 1
0 1
0 1
0 1
0 1
0 1
0 1
0 1
0 1
0 1
0 1
0 1
0 1
0 1
0 1
0 1
0 1
0 1
0 1
0 1
0 1
0 1
0 1
0 1
0 1
0 1
0 1
0 1
0 1
0 1
0 1
0 1
0 1
0 1
0 1
0 1
0 1
0 1
0 1
0 1
0 1
0 1
0 1
0 1
0 1
0 1
0 1
0 1
0 1
0 1
0 1
0 1
0 1
0 1
0 1
0 1
0 1
0 1
0 1
0 1
0 1
0 1
0 1
0 1
0 1
0 1
0 1
0 1
0 1
0 1
0 1
0 1
0 1
0 1
0 1
0 1
0 1
0 1
0 1
0 1
0 1
0 1
0 1
0 1
0 1
0 1
0 1
0 1
0 1
0 1
0 1
0 1
0 1
0 1
0 1
0 1
0 1
0 1
0 1
0 1
0 1
0 1
0 1
0 1
0 1
0 1
0 1
0 1
0 1
0 1
0 1
0 1
0 1
0 1
0 1
0 1
0 1
0 1
0 1
0 1
0 1
0 1
0 1
0 1
0 1
0 1
0 1
0 1
0 1
0 1
0 1
0 1
0 1
0 1
0 1
0 1
0 1
0 1
0 1
0 1
0 1
0 1
0 1
0 1
0 1
0 1
0 1
0 1
0 1
0 1
0 1
0 1
0 1
0 1
0 1
0 1
0.25 0.75
0.25075 0.74925
0.25151 0.74849
0.25226 0.74774
0.25301 0.74699
0.25377 0.74623
0.25452 0.74548
0.25527 0.74473
0.25602 0.74398
0.25678 0.74322
0.25753 0.74247
0.25828 0.74172
0.25904 0.74096
0.25979 0.74021
0.26054 0.73946
0.2613 0.7387
0.26205 0.73795
0.2628 0.7372
0.26355 0.73645
0.26431 0.73569
0.26506 0.73494
0.26581 0.73419
0.26657 0.73343
0.26732 0.73268
0.26807 0.73193
0.26883 0.73117
0.26958 0.73042
0.27033 0.72967
0.27108 0.72892
0.27184 0.72816
0.27259 0.72741
0.27334 0.72666
0.2741 0.7259
0.27485 0.72515
0.2756 0.7244
0.27636 0.72364
0.27711 0.72289
0.27786 0.72214
0.27861 0.72139
0.27937 0.72063
0.28012 0.71988
0.28087 0.71913
0.28163 0.71837
0.28238 0.71762
0.28313 0.71687
0.28389 0.71611
0.28464 0.71536
0.28539 0.71461
0.28614 0.71386
0.2869 0.7131
0.28765 0.71235
0.2884 0.7116
0.28916 0.71084
0.28991 0.71009
0.29066 0.70934
0.29142 0.70858
0.29217 0.70783
0.29292 0.70708
0.29367 0.70633
0.29443 0.70557
0.29518 0.70482
0.29593 0.70407
0.29669 0.70331
0.29744 0.70256
0.29819 0.70181
0.29895 0.70105
0.2997 0.7003
0.30045 0.69955
0.3012 0.6988
0.30196 0.69804
0.30271 0.69729
0.30346 0.69654
0.30422 0.69578
0.30497 0.69503
0.30572 0.69428
0.30648 0.69352
0.30723 0.69277
0.30798 0.69202
0.30873 0.69127
0.30949 0.69051
0.31024 0.68976
0.31099 0.68901
0.31175 0.68825
0.3125 0.6875
0.31325 0.68675
0.31401 0.68599
0.31476 0.68524
0.31551 0.68449
0.31627 0.68373
0.31702 0.68298
0.31777 0.68223
0.31852 0.68148
0.31928 0.68072
0.32003 0.67997
0.32078 0.67922
0.32154 0.67846
0.32229 0.67771
0.32304 0.67696
0.3238 0.6762
0.32455 0.67545
0.3253 0.6747
0.32605 0.67395
0.32681 0.67319
0.32756 0.67244
0.32831 0.67169
0.32907 0.67093
0.32982 0.67018
0.33057 0.66943
0.33133 0.66867
0.33208 0.66792
0.33283 0.66717
0.33358 0.66642
0.33434 0.66566
0.33509 0.66491
0.33584 0.66416
0.3366 0.6634
0.33735 0.66265
0.3381 0.6619
0.33886 0.66114
0.33961 0.66039
0.34036 0.65964
0.34111 0.65889
0.34187 0.65813
0.34262 0.65738
0.34337 0.65663
0.34413 0.65587
0.34488 0.65512
0.34563 0.65437
0.34639 0.65361
0.34714 0.65286
0.34789 0.65211
0.34864 0.65136
0.3494 0.6506
0.35015 0.64985
0.3509 0.6491
0.35166 0.64834
0.35241 0.64759
0.35316 0.64684
0.35392 0.64608
0.35467 0.64533
0.35542 0.64458
0.35617 0.64383
0.35693 0.64307
0.35768 0.64232
0.35843 0.64157
0.35919 0.64081
0.35994 0.64006
0.36069 0.63931
0.36145 0.63855
0.3622 0.6378
0.36295 0.63705
0.3637 0.6363
0.36446 0.63554
0.36521 0.63479
0.36596 0.63404
0.36672 0.63328
0.36747 0.63253
0.36822 0.63178
0.36898 0.63102
0.36973 0.63027
0.37048 0.62952
0.37123 0.62877
0.37199 0.62801
0.37274 0.62726
0.37349 0.62651
0.37425 0.62575
0.375 0.625
0.37575 0.62425
0.37651 0.62349
0.37726 0.62274
0.37801 0.62199
0.37877 0.62123
0.37952 0.62048
0.38027 0.61973
0.38102 0.61898
0.38178 0.61822
0.38253 0.61747
0.38328 0.61672
0.38404 0.61596
0.38479 0.61521
0.38554 0.61446
0.3863 0.6137
0.38705 0.61295
0.3878 0.6122
0.38855 0.61145
0.38931 0.61069
0.39006 0.60994
0.39081 0.60919
0.39157 0.60843
0.39232 0.60768
0.39307 0.60693
0.39383 0.60617
0.39458 0.60542
0.39533 0.60467
0.39608 0.60392
0.39684 0.60316
0.39759 0.60241
0.39834 0.60166
0.3991 0.6009
0.39985 0.60015
0.4006 0.5994
0.40136 0.59864
0.40211 0.59789
0.40286 0.59714
0.40361 0.59639
0.40437 0.59563
0.40512 0.59488
0.40587 0.59413
0.40663 0.59337
0.40738 0.59262
0.40813 0.59187
0.40889 0.59111
0.40964 0.59036
0.41039 0.58961
0.41114 0.58886
0.4119 0.5881
0.41265 0.58735
0.4134 0.5866
0.41416 0.58584
0.41491 0.58509
0.41566 0.58434
0.41642 0.58358
0.41717 0.58283
0.41792 0.58208
0.41867 0.58133
0.41943 0.58057
0.42018 0.57982
0.42093 0.57907
0.42169 0.57831
0.42244 0.57756
0.42319 0.57681
0.42395 0.57605
0.4247 0.5753
0.42545 0.57455
0.4262 0.5738
0.42696 0.57304
0.42771 0.57229
0.42846 0.57154
0.42922 0.57078
0.42997 0.57003
0.43072 0.56928
0.43148 0.56852
0.43223 0.56777
0.43298 0.56702
0.43373 0.56627
0.43449 0.56551
0.43524 0.56476
0.43599 0.56401
0.43675 0.56325
0.4375 0.5625
0.43825 0.56175
0.43901 0.56099
0.43976 0.56024
0.44051 0.55949
0.44127 0.55873
0.44202 0.55798
0.44277 0.55723
0.44352 0.55648
0.44428 0.55572
0.44503 0.55497
0.44578 0.55422
0.44654 0.55346
0.44729 0.55271
0.44804 0.55196
0.4488 0.5512
0.44955 0.55045
0.4503 0.5497
0.45105 0.54895
0.45181 0.54819
0.45256 0.54744
0.45331 0.54669
0.45407 0.54593
0.45482 0.54518
0.45557 0.54443
0.45633 0.54367
0.45708 0.54292
0.45783 0.54217
0.45858 0.54142
0.45934 0.54066
0.46009 0.53991
0.46084 0.53916
0.4616 0.5384
0.46235 0.53765
0.4631 0.5369
0.46386 0.53614
0.46461 0.53539
0.46536 0.53464
0.46611 0.53389
0.46687 0.53313
0.46762 0.53238
0.46837 0.53163
0.46913 0.53087
0.46988 0.53012
0.47063 0.52937
0.47139 0.52861
0.47214 0.52786
0.47289 0.52711
0.47364 0.52636
0.4744 0.5256
0.47515 0.52485
0.4759 0.5241
0.47666 0.52334
0.47741 0.52259
0.47816 0.52184
0.47892 0.52108
0.47967 0.52033
0.48042 0.51958
0.48117 0.51883
0.48193 0.51807
0.48268 0.51732
0.48343 0.51657
0.48419 0.51581
0.48494 0.51506
0.48569 0.51431
0.48645 0.51355
0.4872 0.5128
0.48795 0.51205
0.4887 0.5113
0.48946 0.51054
0.49021 0.50979
0.49096 0.50904
0.49172 0.50828
0.49247 0.50753
0.49322 0.50678
0.49398 0.50602
0.49473 0.50527
0.49548 0.50452
0.49623 0.50377
0.49699 0.50301
0.49774 0.50226
0.49849 0.50151
0.49925 0.50075
0.5 0.5
0.75 0.25
0.75075 0.24925
0.7515 0.2485
0.75225 0.24775
0.753 0.247
0.75375 0.24625
0.7545 0.2455
0.75526 0.24474
0.75601 0.24399
0.75676 0.24324
0.75751 0.24249
0.75826 0.24174
0.75901 0.24099
0.75976 0.24024
0.76051 0.23949
0.76126 0.23874
0.76201 0.23799
0.76276 0.23724
0.76351 0.23649
0.76426 0.23574
0.76502 0.23498
0.76577 0.23423
0.76652 0.23348
0.76727 0.23273
0.76802 0.23198
0.76877 0.23123
0.76952 0.23048
0.77027 0.22973
0.77102 0.22898
0.77177 0.22823
0.77252 0.22748
0.77327 0.22673
0.77402 0.22598
0.77477 0.22523
0.77553 0.22447
0.77628 0.22372
0.77703 0.22297
0.77778 0.22222
0.77853 0.22147
0.77928 0.22072
0.78003 0.21997
0.78078 0.21922
0.78153 0.21847
0.78228 0.21772
0.78303 0.21697
0.78378 0.21622
0.78453 0.21547
0.78529 0.21471
0.78604 0.21396
0.78679 0.21321
0.78754 0.21246
0.78829 0.21171
0.78904 0.21096
0.78979 0.21021
0.79054 0.20946
0.79129 0.20871
0.79204 0.20796
0.79279 0.20721
0.79354 0.20646
0.79429 0.20571
0.79505 0.20495
0.7958 0.2042
0.79655 0.20345
0.7973 0.2027
0.79805 0.20195
0.7988 0.2012
0.79955 0.20045
0.8003 0.1997
0.80105 0.19895
0.8018 0.1982
0.80255 0.19745
0.8033 0.1967
0.80405 0.19595
0.8048 0.1952
0.80556 0.19444
0.80631 0.19369
0.80706 0.19294
0.80781 0.19219
0.80856 0.19144
0.80931 0.19069
0.81006 0.18994
0.81081 0.18919
0.81156 0.18844
0.81231 0.18769
0.81306 0.18694
0.81381 0.18619
0.81456 0.18544
0.81532 0.18468
0.81607 0.18393
0.81682 0.18318
0.81757 0.18243
0.81832 0.18168
0.81907 0.18093
0.81982 0.18018
0.82057 0.17943
0.82132 0.17868
0.82207 0.17793
0.82282 0.17718
0.82357 0.17643
0.82432 0.17568
0.82508 0.17492
0.82583 0.17417
0.82658 0.17342
0.82733 0.17267
0.82808 0.17192
0.82883 0.17117
0.82958 0.17042
0.83033 0.16967
0.83108 0.16892
0.83183 0.16817
0.83258 0.16742
0.83333 0.16667
0.83408 0.16592
0.83483 0.16517
0.83559 0.16441
0.83634 0.16366
0.83709 0.16291
0.83784 0.16216
0.83859 0.16141
0.83934 0.16066
0.84009 0.15991
0.84084 0.15916
0.84159 0.15841
0.84234 0.15766
0.84309 0.15691
0.84384 0.15616
0.84459 0.15541
0.84535 0.15465
0.8461 0.1539
0.84685 0.15315
0.8476 0.1524
0.84835 0.15165
0.8491 0.1509
0.84985 0.15015
0.8506 0.1494
0.85135 0.14865
0.8521 0.1479
0.85285 0.14715
0.8536 0.1464
0.85435 0.14565
0.85511 0.14489
0.85586 0.14414
0.85661 0.14339
0.85736 0.14264
0.85811 0.14189
0.85886 0.14114
0.85961 0.14039
0.86036 0.13964
0.86111 0.13889
0.86186 0.13814
0.86261 0.13739
0.86336 0.13664
0.86411 0.13589
0.86486 0.13514
0.86562 0.13438
0.86637 0.13363
0.86712 0.13288
0.86787 0.13213
0.86862 0.13138
0.86937 0.13063
0.87012 0.12988
0.87087 0.12913
0.87162 0.12838
0.87237 0.12763
0.87312 0.12688
0.87387 0.12613
0.87462 0.12538
0.87538 0.12462
0.87613 0.12387
0.87688 0.12312
0.87763 0.12237
0.87838 0.12162
0.87913 0.12087
0.87988 0.12012
0.88063 0.11937
0.88138 0.11862
0.88213 0.11787
0.88288 0.11712
0.88363 0.11637
0.88438 0.11562
0.88514 0.11486
0.88589 0.11411
0.88664 0.11336
0.88739 0.11261
0.88814 0.11186
0.88889 0.11111
0.88964 0.11036
0.89039 0.10961
0.89114 0.10886
0.89189 0.10811
0.89264 0.10736
0.89339 0.10661
0.89414 0.10586
0.89489 0.10511
0.89565 0.10435
0.8964 0.1036
0.89715 0.10285
0.8979 0.1021
0.89865 0.10135
0.8994 0.1006
0.90015 0.09985
0.9009 0.099099
0.90165 0.098348
0.9024 0.097598
0.90315 0.096847
0.9039 0.096096
0.90465 0.095345
0.90541 0.094595
0.90616 0.093844
0.90691 0.093093
0.90766 0.092342
0.90841 0.091592
0.90916 0.090841
0.90991 0.09009
0.91066 0.089339
0.91141 0.088589
0.91216 0.087838
0.91291 0.087087
0.91366 0.086336
0.91441 0.085586
0.91517 0.084835
0.91592 0.084084
0.91667 0.083333
0.91742 0.082583
0.91817 0.081832
0.91892 0.081081
0.91967 0.08033
0.92042 0.07958
0.92117 0.078829
0.92192 0.078078
0.92267 0.077327
0.92342 0.076577
0.92417 0.075826
0.92492 0.075075
0.92568 0.074324
0.92643 0.073574
0.92718 0.072823
0.92793 0.072072
0.92868 0.071321
0.92943 0.070571
0.93018 0.06982
0.93093 0.069069
0.93168 0.068318
0.93243 0.067568
0.93318 0.066817
0.93393 0.066066
0.93468 0.065315
0.93544 0.064565
0.93619 0.063814
0.93694 0.063063
0.93769 0.062312
0.93844 0.061562
0.93919 0.060811
0.93994 0.06006
0.94069 0.059309
0.94144 0.058559
0.94219 0.057808
0.94294 0.057057
0.94369 0.056306
0.94444 0.055556
0.9452 0.054805
0.94595 0.054054
0.9467 0.053303
0.94745 0.052553
0.9482 0.051802
0.94895 0.051051
0.9497 0.0503
0.95045 0.04955
0.9512 0.048799
0.95195 0.048048
0.9527 0.047297
0.95345 0.046547
0.9542 0.045796
0.95495 0.045045
0.95571 0.044294
0.95646 0.043544
0.95721 0.042793
0.95796 0.042042
0.95871 0.041291
0.95946 0.040541
0.96021 0.03979
0.96096 0.039039
0.96171 0.038288
0.96246 0.037538
0.96321 0.036787
0.96396 0.036036
0.96471 0.035285
0.96547 0.034535
0.96622 0.033784
0.96697 0.033033
0.96772 0.032282
0.96847 0.031532
0.96922 0.030781
0.96997 0.03003
0.97072 0.029279
0.97147 0.028529
0.97222 0.027778
0.97297 0.027027
0.97372 0.026276
0.97447 0.025526
0.97523 0.024775
0.97598 0.024024
0.97673 0.023273
0.97748 0.022523
0.97823 0.021772
0.97898 0.021021
0.97973 0.02027
0.98048 0.01952
0.98123 0.018769
0.98198 0.018018
0.98273 0.017267
0.98348 0.016517
0.98423 0.015766
0.98498 0.015015
0.98574 0.014264
0.98649 0.013514
0.98724 0.012763
0.98799 0.012012
0.98874 0.011261
0.98949 0.010511
0.99024 0.0097598
0.99099 0.009009
0.99174 0.0082583
0.99249 0.0075075
0.99324 0.0067568
0.99399 0.006006
0.99474 0.0052553
0.9955 0.0045045
0.99625 0.0037538
0.997 0.003003
0.99775 0.0022523
0.9985 0.0015015
0.99925 0.00075075
1 0
